0 2.64396
1 2.43534
2 2.45634
3 2.43587
4 2.51371
5 2.47827
6 2.49397
7 2.49614
8 2.45671
9 2.51767
10 2.45825
11 2.51845
12 2.51992
13 2.52148
14 2.50115
15 2.51966
16 2.52016
17 2.43886
18 2.51791
19 2.52315
20 2.52294
21 2.48566
22 2.52381
23 2.44212
24 2.52391
25 2.49925
26 2.43845
27 2.44242
28 2.52704
29 2.44195
30 2.52806
31 2.52616
32 2.44648
33 2.49287
34 2.44435
35 2.52944
36 2.51513
37 2.52627
38 2.48654
39 2.52087
40 2.44315
41 2.44386
42 2.56625
43 2.5297
44 2.52927
45 2.52827
46 2.52932
47 2.53874
48 2.45037
49 2.44914
50 2.50438
51 2.53059
52 2.53036
53 2.5292
54 2.51561
55 2.49417
56 2.53242
57 2.53587
58 2.53489
59 2.5344
60 2.51981
61 2.5123
62 2.45241
63 2.45269
64 2.53439
65 2.45348
66 2.51365
67 2.53921
68 2.53982
69 2.57713
70 2.54014
71 2.53707
72 2.53718
73 2.53913
74 2.53734
75 2.54024
76 2.45589
77 2.51118
78 2.51074
79 2.53721
80 2.53956
81 2.53826
82 2.53822
83 2.51781
84 2.59122
85 2.54175
86 2.46119
87 2.4594
88 2.50871
89 2.46909
90 2.46946
91 2.47063
92 2.46249
93 2.4671
94 2.47309
95 2.4713
96 2.46923
97 2.47472
98 2.47053
99 2.47653
100 2.47388
101 2.46678
102 2.47391
103 2.47182
104 2.51101
105 2.47521
106 2.47666
107 2.47371
108 2.47013
109 2.47784
110 2.47678
111 2.47574
112 2.47398
113 2.47507
114 2.46611
115 2.47266
116 2.47558
117 2.47591
118 2.51069
119 2.47654
120 2.47764
121 2.46896
122 2.47302
123 2.46659
124 2.47051
125 2.46679
126 2.4744
127 2.46957
128 2.47822
129 2.47286
130 2.46741
131 2.47714
132 2.48245
133 2.51039
134 2.54722
135 2.56253
136 2.6071
137 2.54989
138 2.47005
139 2.53662
140 2.53005
141 2.53632
142 2.53353
143 2.52647
144 2.46612
145 2.52315
146 2.48203
147 2.54121
148 2.54694
149 2.54757
150 2.54792
151 2.54574
152 2.50832
153 2.54706
154 2.54633
155 2.54539
156 2.54318
157 2.54749
158 2.54344
159 2.54265
160 2.54603
161 2.58346
162 2.5463
163 2.4626
164 2.4595
165 2.5477
166 2.54369
167 2.51804
168 2.54349
169 2.54422
170 2.46081
171 2.50816
172 2.50205
173 2.52192
174 2.52188
175 2.54236
176 2.55173
177 2.54517
178 2.54246
179 2.54345
180 2.52757
181 2.52057
182 2.51834
183 2.54126
184 2.53834
185 2.53997
186 2.53844
187 2.54259
188 2.54179
189 2.54078
190 2.50833
191 2.54038
192 2.47501
193 2.54037
194 2.53745
195 2.54071
196 2.53992
197 2.5503
198 2.47564
199 2.46145
200 2.53797
201 2.53874
202 2.49479
203 2.54085
204 2.53947
205 2.45892
206 2.51514
207 2.53874
208 2.53774
209 2.53966
210 2.49472
211 2.56659
212 2.53727
213 2.54975
214 2.53741
215 2.53701
216 2.53758
217 2.51427
218 2.55386
219 2.53956
220 2.51656
221 2.51326
222 2.45633
223 2.56914
224 2.49882
225 2.53911
226 2.56886
227 2.53866
228 2.54106
229 2.53858
230 2.53998
231 2.53797
232 2.55846
233 2.53775
234 2.53654
235 2.53714
236 2.45388
237 2.56889
238 2.51572
239 2.46876
240 2.53452
241 2.45444
242 2.53418
243 2.53971
244 2.56029
245 2.5474
246 2.53331
247 2.53139
248 2.46696
249 2.46796
250 2.53108
251 2.53532
252 2.52176
253 2.51144
254 2.50855
255 2.52905
256 2.53172
257 2.53229
258 2.51937
259 2.53238
260 2.52898
261 2.53266
262 2.5314
263 2.56146
264 2.50997
265 2.45647
266 2.53153
267 2.53025
268 2.44744
269 2.53422
270 2.55382
271 2.53272
272 2.51984
273 2.51825
274 2.46884
275 2.53098
276 2.52999
277 2.53224
278 2.51418
279 2.53294
280 2.57232
281 2.46598
282 2.5315
283 2.53482
284 2.53007
285 2.53155
286 2.50582
287 2.53131
288 2.53258
289 2.531
290 2.53092
291 2.53192
292 2.46163
293 2.53005
294 2.53192
295 2.52966
296 2.56074
297 2.53307
298 2.51517
299 2.53002
300 2.52951
301 2.51639
302 2.46526
303 2.53129
304 2.44714
305 2.50788
306 2.52887
307 2.52975
308 2.5303
309 2.52959
310 2.53131
311 2.5296
312 2.53168
313 2.47153
314 2.51129
315 2.53045
316 2.52803
317 2.56814
318 2.51243
319 2.50845
320 2.53022
321 2.52865
322 2.56375
323 2.5337
324 2.53225
325 2.53088
326 2.52946
327 2.53079
328 2.5331
329 2.54888
330 2.53053
331 2.46761
332 2.54115
333 2.52989
334 2.53101
335 2.49197
336 2.54735
337 2.52743
338 2.53042
339 2.5298
340 2.50457
341 2.53106
342 2.53342
343 2.53451
344 2.53105
345 2.51953
346 2.50711
347 2.5307
348 2.55761
349 2.57656
350 2.53085
351 2.5322
352 2.51975
353 2.50441
354 2.53102
355 2.53006
356 2.53244
357 2.533
358 2.51169
359 2.44661
360 2.44885
361 2.53145
362 2.5324
363 2.53142
364 2.53164
365 2.53242
366 2.49039
367 2.5107
368 2.47996
369 2.53374
370 2.53147
371 2.51476
372 2.52963
373 2.53166
374 2.45042
375 2.53373
376 2.5314
377 2.51208
378 2.46881
379 2.45391
380 2.5303
381 2.55251
382 2.53134
383 2.53333
384 2.50915
385 2.5066
386 2.45386
387 2.44553
388 2.52908
389 2.5338
390 2.48962
391 2.52045
392 2.5071
393 2.49336
394 2.53107
395 2.53395
396 2.53008
397 2.51902
398 2.48928
399 2.49291
400 2.5303
401 2.53905
402 2.53143
403 2.53115
404 2.46452
405 2.53101
406 2.52987
407 2.56249
408 2.52056
409 2.51648
410 2.4549
411 2.52923
412 2.52969
413 2.53692
414 2.53053
415 2.53403
416 2.44603
417 2.53136
418 2.53182
419 2.51588
420 2.56901
421 2.55856
422 2.52976
423 2.53358
424 2.64876
425 2.53198
426 2.53221
427 2.5318
428 2.53395
429 2.53284
430 2.51446
431 2.53157
432 2.52859
433 2.49214
434 2.53435
435 2.57251
436 2.58065
437 2.53179
438 2.53235
439 2.50625
440 2.50005
441 2.53159
442 2.53076
443 2.53002
444 2.534
445 2.51133
446 2.51212
447 2.49309
448 2.52977
449 2.53235
450 2.53237
451 2.5319
452 2.51808
453 2.48819
454 2.53053
455 2.53443
456 2.52818
457 2.45297
458 2.52065
459 2.53157
460 2.5316
461 2.53062
462 2.53021
463 2.53149
464 2.53146
465 2.53476
466 2.54961
467 2.50633
468 2.53092
469 2.52859
470 2.50988
471 2.53104
472 2.53616
473 2.5317
474 2.50926
475 2.50804
476 2.53048
477 2.5288
478 2.54421
479 2.46724
480 2.52737
481 2.53281
482 2.5302
483 2.49365
484 2.53169
485 2.50636
486 2.52932
487 2.55436
488 2.52986
489 2.46917
490 2.52838
491 2.44902
492 2.50957
493 2.52737
494 2.52984
495 2.49338
496 2.5277
497 2.53232
498 2.53051
499 2.51451
500 2.52985
501 2.53096
502 2.53006
503 2.44869
504 2.53032
505 2.5308
506 2.55197
507 2.5314
508 2.52895
509 2.52742
510 2.53199
511 2.44795
512 2.53012
513 2.53045
514 2.52891
515 2.51957
516 2.53042
517 2.52825
518 2.56054
519 2.53361
520 2.53105
521 2.53122
522 2.52717
523 2.53032
524 2.54927
525 2.55013
526 2.47072
527 2.53006
528 2.52951
529 2.53216
530 2.53565
531 2.53277
532 2.51201
533 2.52778
534 2.5317
535 2.5294
536 2.53032
537 2.53501
538 2.53068
539 2.56593
540 2.50691
541 2.52978
542 2.52933
543 2.53007
544 2.51228
545 2.51688
546 2.505
547 2.53017
548 2.53009
549 2.49241
550 2.53429
551 2.55313
552 2.44526
553 2.46766
554 2.52815
555 2.53233
556 2.51175
557 2.46957
558 2.4659
559 2.53196
560 2.54358
561 2.53335
562 2.4436
563 2.49166
564 2.53433
565 2.53106
566 2.51763
567 2.5288
568 2.49226
569 2.4532
570 2.53132
571 2.44628
572 2.52669
573 2.53279
574 2.46695
575 2.52803
576 2.55613
577 2.48411
578 2.53217
579 2.57029
580 2.52866
581 2.45423
582 2.52932
583 2.52882
584 2.52917
585 2.53371
586 2.44632
587 2.53306
588 2.52927
589 2.50472
590 2.53129
591 2.56836
592 2.53429
593 2.44837
594 2.53095
595 2.5323
596 2.51038
597 2.53201
598 2.53197
599 2.52941
600 2.52979
601 2.53168
602 2.52922
603 2.55148
604 2.51217
605 2.53105
606 2.53184
607 2.53321
608 2.53185
609 2.53345
610 2.55003
611 2.51101
612 2.47106
613 2.44778
614 2.53046
615 2.52741
616 2.53443
617 2.53498
618 2.51705
619 2.53137
620 2.53469
621 2.53333
622 2.53328
623 2.53322
624 2.5582
625 2.53403
626 2.4468
627 2.53329
628 2.55273
629 2.53892
630 2.47225
631 2.53308
632 2.53517
633 2.53334
634 2.51799
635 2.51043
636 2.47014
637 2.53341
638 2.53358
639 2.53456
640 2.53119
641 2.52405
642 2.51349
643 2.47261
644 2.53442
645 2.53492
646 2.53693
647 2.5563
648 2.5344
649 2.53424
650 2.53628
651 2.53454
652 2.51017
653 2.4682
654 2.53284
655 2.56242
656 2.53093
657 2.53212
658 2.53268
659 2.53382
660 2.45394
661 2.53236
662 2.53376
663 2.53471
664 2.53421
665 2.53251
666 2.46825
667 2.53448
668 2.53261
669 2.53395
670 2.53387
671 2.51056
672 2.4695
673 2.53344
674 2.53417
675 2.51739
676 2.53036
677 2.5322
678 2.52985
679 2.53129
680 2.46069
681 2.49913
682 2.46156
683 2.45921
684 2.45989
685 2.46106
686 2.57057
687 2.46048
688 2.45976
689 2.46127
690 2.4564
691 2.46248
692 2.45447
693 2.4639
694 2.46183
695 2.46131
696 2.46117
697 2.45757
698 2.4562
699 2.46374
700 2.49821
701 2.46149
702 2.46272
703 2.46039
704 2.4621
705 2.46027
706 2.45743
707 2.45982
708 2.45897
709 2.45845
710 2.4585
711 2.46156
712 2.46866
713 2.53514
714 2.53034
715 2.53313
716 2.53534
717 2.53386
718 2.51541
719 2.5489
720 2.53081
721 2.5345
722 2.53392
723 2.52984
724 2.53422
725 2.53244
726 2.53626
727 2.53685
728 2.45211
729 2.53455
730 2.5177
731 2.507
732 2.45539
733 2.53132
734 2.53286
735 2.53292
736 2.5207
737 2.5153
738 2.53184
739 2.5333
740 2.53355
741 2.53464
742 2.53473
743 2.52213
744 2.51016
745 2.56359
746 2.53039
747 2.53667
748 2.53447
749 2.53349
750 2.5236
751 2.51382
752 2.49907
753 2.53282
754 2.52963
755 2.45308
756 2.5347
757 2.53346
758 2.51669
759 2.5095
760 2.5308
761 2.53412
762 2.53366
763 2.53432
764 2.5518
765 2.53225
766 2.56495
767 2.53531
768 2.52838
769 2.68652
770 2.53321
771 2.5517
772 2.51114
773 2.49841
774 2.53469
775 2.53665
776 2.47772
777 2.46946
778 2.55826
779 2.52961
780 2.5313
781 2.53188
782 2.54857
783 2.5284
784 2.49264
785 2.53197
786 2.51374
787 2.50701
788 2.44303
789 2.44482
790 2.49392
791 2.52815
792 2.52704
793 2.46125
794 2.4423
795 2.48918
796 2.52605
797 2.52869
798 2.44428
799 2.52826
800 2.52869
801 2.50881
802 2.52276
803 2.52562
804 2.55732
805 2.52985
806 2.52928
807 2.52656
808 2.54357
809 2.54928
810 2.52276
811 2.5337
812 2.52833
813 2.50964
814 2.5253
815 2.50376
816 2.52725
817 2.48725
818 2.52626
819 2.52459
820 2.52648
821 2.53083
822 2.52685
823 2.52294
824 2.50511
825 2.52476
826 2.52826
827 2.56672
828 2.52444
829 2.52653
830 2.54308
831 2.52548
832 2.52477
833 2.5255
834 2.43993
835 2.52921
836 2.52686
837 2.54275
838 2.46321
839 2.52484
840 2.52502
841 2.52561
842 2.52226
843 2.48949
844 2.52615
845 2.45958
846 2.53613
847 2.5214
848 2.52477
849 2.55544
850 2.52305
851 2.50811
852 2.52286
853 2.52487
854 2.52628
855 2.52475
856 2.56038
857 2.52385
858 2.52433
859 2.52529
860 2.5269
861 2.48753
862 2.52662
863 2.5217
864 2.52524
865 2.52611
866 2.5034
867 2.52439
868 2.52271
869 2.5248
870 2.52569
871 2.49853
872 2.5241
873 2.52471
874 2.52655
875 2.52375
876 2.52754
877 2.51232
878 2.5007
879 2.55331
880 2.52551
881 2.52621
882 2.53102
883 2.50304
884 2.4993
885 2.52361
886 2.52336
887 2.52345
888 2.50251
889 2.52168
890 2.52228
891 2.52577
892 2.52142
893 2.50246
894 2.44857
895 2.46321
896 2.45941
897 2.52576
898 2.54939
899 2.48616
900 2.44089
901 2.52513
902 2.48616
903 2.52451
904 2.53044
905 2.52605
906 2.50843
907 2.46269
908 2.542
909 2.52912
910 2.52721
911 2.5038
912 2.52641
913 2.52812
914 2.5263
915 2.45524
916 2.50644
917 2.50372
918 2.52725
919 2.53035
920 2.52735
921 2.52647
922 2.51264
923 2.50963
924 2.50712
925 2.50643
926 2.44503
927 2.46485
928 2.46478
929 2.44538
930 2.53249
931 2.52885
932 2.52713
933 2.52999
934 2.49147
935 2.53233
936 2.52982
937 2.50792
938 2.53039
939 2.53006
940 2.52564
941 2.57286
942 2.52964
943 2.45043
944 2.52777
945 2.52782
946 2.5288
947 2.53115
948 2.44669
949 2.53215
950 2.56771
951 2.50717
952 2.50008
953 2.53045
954 2.53031
955 2.57829
956 2.52984
957 2.53289
958 2.50892
959 2.50812
960 2.6027
961 2.53063
962 2.53273
963 2.49395
964 2.52961
965 2.53639
966 2.52987
967 2.53302
968 2.53297
969 2.57207
970 2.53356
971 2.4748
972 2.45639
973 2.49659
974 2.5333
975 2.53632
976 2.53401
977 2.53407
978 2.51964
979 2.51624
980 2.53036
981 2.53683
982 2.53649
983 2.53582
984 2.53671
985 2.49569
986 2.5231
987 2.53546
988 2.55997
989 2.53367
990 2.53434
991 2.53411
992 2.53573
993 2.53453
994 2.50903
995 2.47034
996 2.5291
997 2.53361
998 2.52971
999 2.53487
1000 2.53085
1001 2.50707
1002 2.52952
1003 2.53272
1004 2.53292
1005 2.55357
1006 2.5071
1007 2.52999
1008 2.52743
1009 2.52774
1010 2.53645
1011 2.53368
1012 2.44657
1013 2.52893
1014 2.50666
1015 2.46411
1016 2.52796
1017 2.52455
1018 2.5254
1019 2.4901
1020 2.52477
1021 2.51206
1022 2.49949
1023 2.52658
1024 2.52722
1025 2.52249
1026 2.52439
1027 2.46329
1028 2.52365
1029 2.52305
1030 2.52039
1031 2.55807
1032 2.50978
1033 2.45624
1034 2.48368
1035 2.52134
1036 2.52658
1037 2.52519
1038 2.50641
1039 2.5023
1040 2.51723
1041 2.52314
1042 2.52152
1043 2.52447
1044 2.50351
1045 2.52141
1046 2.52061
1047 2.52358
1048 2.44361
1049 2.52541
1050 2.5077
1051 2.49737
1052 2.52211
1053 2.52484
1054 2.52252
1055 2.52509
1056 2.52156
1057 2.55391
1058 2.50869
1059 2.50921
1060 2.49843
1061 2.5232
1062 2.52082
1063 2.52522
1064 2.53503
1065 2.46091
1066 2.52224
1067 2.52137
1068 2.53063
1069 2.5254
1070 2.50898
1071 2.51189
1072 2.50049
1073 2.46009
1074 2.52172
1075 2.52039
1076 2.5247
1077 2.52614
1078 2.50156
1079 2.44006
1080 2.52029
1081 2.52273
1082 2.52109
1083 2.58231
1084 2.5223
1085 2.52226
1086 2.71611
1087 2.52638
1088 2.5048
1089 2.52302
1090 2.52166
1091 2.51978
1092 2.52161
1093 2.52483
1094 2.52378
1095 2.52373
1096 2.5232
1097 2.49634
1098 2.51535
1099 2.52192
1100 2.52554
1101 2.52276
1102 2.45876
1103 2.48516
1104 2.52302
1105 2.52484
1106 2.50873
1107 2.52365
1108 2.53754
1109 2.55619
1110 2.50122
1111 2.56163
1112 2.52163
1113 2.52894
1114 2.52621
1115 2.50945
1116 2.54225
1117 2.52044
1118 2.52395
1119 2.44245
1120 2.6076
1121 2.51022
1122 2.5068
1123 2.52311
1124 2.52382
1125 2.65295
1126 2.52442
1127 2.52382
1128 2.5268
1129 2.52858
1130 2.52366
1131 2.52658
1132 2.5265
1133 2.43992
1134 2.51127
1135 2.4734
1136 2.52475
1137 2.52439
1138 2.5259
1139 2.52765
1140 2.53301
1141 2.46068
1142 2.5453
1143 2.52756
1144 2.52594
1145 2.52672
1146 2.46326
1147 2.50134
1148 2.44314
1149 2.44721
1150 2.52459
1151 2.52246
1152 2.52544
1153 2.52848
1154 2.5228
1155 2.5125
1156 2.45977
1157 2.4852
1158 2.4406
1159 2.52448
1160 2.52406
1161 2.55851
1162 2.52561
1163 2.50265
1164 2.52458
1165 2.5256
1166 2.52565
1167 2.52731
1168 2.58562
1169 2.52523
1170 2.4852
1171 2.52739
1172 2.50877
1173 2.52417
1174 2.48693
1175 2.52571
1176 2.52609
1177 2.52953
1178 2.52233
1179 2.52584
1180 2.52712
1181 2.52243
1182 2.56385
1183 2.52715
1184 2.52697
1185 2.52851
1186 2.5097
1187 2.51208
1188 2.52531
1189 2.52282
1190 2.52694
1191 2.52376
1192 2.48783
1193 2.50806
1194 2.5415
1195 2.51499
1196 2.52403
1197 2.52689
1198 2.50266
1199 2.44629
Avg time: 2.51693 ms
STDev: 0.0234509 ms
