0 306.396
1 20.9399
2 20.8007
3 20.7312
4 21.1045
5 21.0446
6 20.8488
7 21.3344
8 20.9034
9 21.1395
10 21.2219
11 21.1514
12 21.1794
13 20.9944
14 21.116
15 21.237
16 21.0386
17 21.1538
18 21.1141
19 21.3282
20 21.2963
21 21.1992
22 21.2936
23 21.1402
24 21.0884
25 21.2708
26 21.0178
27 21.1246
28 21.0163
29 21.2723
30 21.05
31 21.0979
32 21.3153
33 20.9379
34 21.1225
35 21.0782
36 21.2771
37 21.1961
38 21.0515
39 21.0901
40 21.2086
41 21.1095
42 21.0846
43 21.0693
44 21.1196
45 21.0889
46 21.2609
47 21.2682
48 21.2939
49 20.835
50 21.3438
51 21.2466
52 21.1145
53 21.1829
54 21.0684
55 21.0811
56 21.198
57 21.1088
58 21.049
59 21.2084
60 21.2407
61 20.8985
62 21.1036
63 21.0001
64 21.0118
65 21.0838
66 21.3852
67 21.2541
68 21.2826
69 21.1447
70 21.272
71 21.2205
72 21.2958
73 21.0938
74 21.2498
75 21.0138
76 21.0195
77 20.9873
78 21.0878
79 21.0723
80 21.0647
81 21.0041
82 21.0453
83 21.3797
84 22.2067
85 21.3308
86 21.0612
87 21.0807
88 21.3182
89 20.8917
90 21.2029
91 20.9848
92 21.0249
93 21.0982
94 21.1473
95 21.1424
96 21.1827
97 21.2935
98 21.3079
99 21.218
100 21.0334
101 21.0608
102 21.1398
103 21.0813
104 21.095
105 21.1053
106 20.9394
107 21.1348
108 21.0952
109 21.0082
110 21.0018
111 21.103
112 21.2384
113 21.188
114 21.3573
115 21.0037
116 21.247
117 21.1687
118 21.034
119 21.0925
120 21.0792
121 21.0704
122 21.0587
123 20.9447
124 21.0466
125 20.9872
126 21.2206
127 21.2022
128 20.9763
129 21.1246
130 21.2338
131 20.7258
132 20.9519
133 20.8964
134 21.0456
135 21.0535
136 21.0793
137 21.228
138 20.9115
139 21.1022
140 20.8602
141 21.1232
142 20.9703
143 21.0501
144 21.1171
145 21.2349
146 21.0635
147 21.0828
148 20.9659
149 21.0544
150 20.9736
151 20.8793
152 21.0444
153 20.9812
154 21.0443
155 21.4883
156 21.1146
157 21.087
158 21.0386
159 21.186
160 21.2328
161 21.0465
162 21.147
163 21.2111
164 21.0143
165 21.077
166 21.3652
167 21.1919
168 20.9821
169 21.0197
170 21.2087
171 21.0465
172 20.9893
173 21.3068
174 20.9317
175 21.0317
176 20.9733
177 21.0755
178 21.0435
179 21.0498
180 21.2125
181 21.1089
182 20.952
183 21.2945
184 21.2719
185 21.0878
186 21.0342
187 21.3746
188 21.2022
189 20.9865
190 20.9826
191 21.0893
192 21.1425
193 21.0921
194 21.3321
195 20.9809
196 21.1983
197 20.9752
198 21.2314
199 21.1331
200 21.0063
201 21.1066
202 20.9626
203 21.1072
204 21.2051
205 21.2264
206 21.2673
207 21.3249
208 20.9651
209 21.1138
210 21.1001
211 21.4898
212 21.1703
213 20.9719
214 21.1487
215 20.9798
216 21.1758
217 21.0473
218 21.1038
219 20.9819
220 21.1969
221 21.219
222 21.1791
223 20.991
224 21.1637
225 21.0513
226 21.1017
227 21.2213
228 21.0418
229 21.0507
230 21.0084
231 21.2203
232 21.0233
233 20.9061
234 21.0348
235 21.2142
236 20.7036
237 21.0284
238 20.9952
239 20.9592
240 21.0027
241 20.9667
242 20.9777
243 20.994
244 21.0207
245 20.9553
246 21.16
247 21.0846
248 21.0867
249 21.229
250 21.2522
251 21.103
252 21.167
253 21.1057
254 21.1642
255 21.3233
256 21.1353
257 20.9452
258 21.2246
259 21.104
260 21.1911
261 21.1125
262 21.0904
263 21.2741
264 21.2669
265 21.2032
266 20.9867
267 20.8921
268 21.2525
269 21.0431
270 21.2264
271 20.9375
272 21.1711
273 21.0305
274 21.0136
275 21.3154
276 21.0225
277 21.2184
278 21.2926
279 21.0617
280 21.0854
281 21.1791
282 21.0918
283 21.1127
284 21.0168
285 21.0006
286 21.2014
287 21.1948
288 20.9935
289 21.1037
290 21.0696
291 21.2801
292 21.1832
293 21.2103
294 20.97
295 20.9872
296 21.3169
297 21.0544
298 21.0885
299 21.116
300 21.108
301 21.2165
302 21.1538
303 21.1952
304 21.211
305 21.0597
306 21.1919
307 21.1948
308 21.0643
309 21.1734
310 21.1445
311 20.7873
312 21.2887
313 20.9688
314 21.119
315 21.3744
316 21.0847
317 20.9289
318 21.1474
319 21.1001
320 21.2511
321 21.1544
322 21.5155
323 21.0913
324 20.9675
325 21.3456
326 21.2968
327 20.8615
328 21.157
329 21.0104
330 21.1363
331 20.9671
332 21.0195
333 20.8736
334 20.9916
335 21.2113
336 21.0707
337 21.3177
338 21.1963
339 21.3058
340 21.0119
341 21.2345
342 20.9226
343 21.2792
344 21.132
345 21.0847
346 21.0734
347 21.0446
348 21.2853
349 21.0972
350 21.0833
351 21.0916
352 21.5447
353 20.7898
354 21.2192
355 21.0416
356 21.3217
357 21.2734
358 21.1572
359 21.0325
360 21.0688
361 20.9968
362 21.0033
363 21.058
364 21.3686
365 20.7699
366 21.0948
367 21.021
368 21.0107
369 21.1967
370 21.3521
371 21.357
372 21.1406
373 21.2171
374 21.1562
375 21.0152
376 21.0735
377 21.1349
378 20.9391
379 21.033
380 21.1056
381 21.0693
382 21.1527
383 21.1441
384 21.0719
385 20.9339
386 21.4389
387 21.3064
388 21.2079
389 21.0371
390 21.0583
391 21.0396
392 20.9926
393 21.1586
394 21.0371
395 21.0992
396 21.0984
397 21.1223
398 21.0661
399 21.1616
400 21.3367
401 21.0991
402 21.0378
403 21.7435
404 21.1436
405 21.1887
406 21.0836
407 21.0801
408 21.3771
409 21.1622
410 21.1938
411 21.2016
412 21.3148
413 20.9797
414 20.9959
415 21.2668
416 21.047
417 21.3416
418 21.2031
419 21.0789
420 21.0784
421 21.089
422 21.0549
423 21.1396
424 21.0452
425 21.1623
426 21.0336
427 21.29
428 21.0651
429 21.1634
430 20.9847
431 21.0033
432 21.1571
433 21.1589
434 21.0834
435 21.1607
436 21.3328
437 20.9177
438 21.1047
439 21.0646
440 20.9541
441 21.2354
442 21.1401
443 21.129
444 21.1212
445 21.2056
446 21.0889
447 21.11
448 21.0955
449 21.2053
450 21.035
451 21.2046
452 20.9952
453 21.1133
454 21.0705
455 20.9932
456 21.1728
457 21.2119
458 21.0687
459 21.2418
460 21.1103
461 20.9752
462 21.3255
463 21.1523
464 21.0522
465 21.1526
466 21.1084
467 21.2594
468 21.0845
469 20.9449
470 20.9564
471 20.9871
472 21.1351
473 21.1681
474 21.0716
475 20.9907
476 21.2232
477 21.0652
478 21.1507
479 21.104
480 21.0788
481 21.1171
482 21.2856
483 21.2013
484 21.1328
485 21.2632
486 21.1242
487 21.1879
488 21.276
489 21.1254
490 20.9802
491 21.1554
492 21.0529
493 21.0983
494 21.0635
495 21.0577
496 21.0051
497 21.0753
498 21.2133
499 21.2127
500 21.3064
501 20.8605
502 21.0049
503 21.0319
504 21.1511
505 21.0135
506 21.1131
507 21.0732
508 20.9563
509 21.2177
510 21.0407
511 21.2443
512 21.0416
513 21.2598
514 21.0829
515 21.4107
516 21.1624
517 21.0051
518 21.0468
519 21.1708
520 20.9097
521 21.0508
522 21.221
523 21.05
524 21.1232
525 20.9832
526 21.224
527 21.0154
528 21.1534
529 21.3507
530 21.2859
531 21.058
532 21.0251
533 21.2784
534 21.1223
535 21.2715
536 21.153
537 21.2006
538 21.3087
539 21.2725
540 20.941
541 21.2919
542 21.3388
543 21.0716
544 20.844
545 21.2255
546 21.2956
547 20.9136
548 21.0642
549 21.236
550 21.11
551 21.0251
552 21.1602
553 21.2462
554 20.9629
555 21.0829
556 21.0679
557 21.0194
558 21.2083
559 21.2541
560 21.2923
561 20.9547
562 21.1179
563 21.0975
564 21.0891
565 21.0321
566 20.955
567 21.1051
568 21.0008
569 21.0294
570 21.1464
571 21.0515
572 21.0085
573 21.1642
574 21.2075
575 21.0643
576 21.2564
577 20.7639
578 21.2022
579 21.2096
580 20.8922
581 21.2109
582 21.3793
583 21.0818
584 21.156
585 21.0603
586 21.2423
587 21.0335
588 21.1888
589 21.2042
590 20.9386
591 21.2451
592 21.2181
593 21.0179
594 21.0458
595 21.2892
596 20.9987
597 20.9182
598 21.2155
599 20.7867
600 21.2186
601 21.0553
602 20.9624
603 21.0745
604 21.0877
605 20.98
606 21.2487
607 20.9933
608 21.0858
609 21.089
610 21.233
611 20.967
612 20.9483
613 20.9888
614 21.0443
615 20.9721
616 20.9709
617 21.1259
618 20.957
619 21.156
620 20.9972
621 21.0957
622 21.0546
623 21.263
624 21.168
625 21.0792
626 21.1882
627 21.0959
628 21.2885
629 21.165
630 21.2585
631 21.009
632 21.0195
633 21.005
634 21.0994
635 21.1789
636 21.0823
637 21.0295
638 21.1078
639 21.0862
640 21.7186
641 21.0209
642 21.2053
643 21.2915
644 21.1852
645 21.3812
646 21.1255
647 21.329
648 20.7986
649 21.2107
650 21.0401
651 21.0197
652 21.1621
653 20.9958
654 21.1002
655 21.2532
656 21.9106
657 22.1776
658 22.3053
659 22.4677
660 22.207
661 22.4099
662 22.2327
663 22.3111
664 22.2766
665 21.6653
666 21.0829
667 21.1924
668 21.1282
669 21.0426
670 21.2159
671 21.18
672 21.2727
673 20.9304
674 20.9366
675 21.0592
676 20.9478
677 20.9773
678 21.0266
679 21.0182
680 21.2012
681 20.93
682 20.885
683 21.1047
684 21.2419
685 21.2904
686 21.0993
687 21.121
688 21.1903
689 20.7366
690 20.9411
691 20.8601
692 20.9114
693 20.8309
694 20.8021
695 20.9456
696 20.7542
697 20.8835
698 20.7628
699 20.9008
700 20.821
701 20.9178
702 20.8032
703 20.8735
704 21.1083
705 20.7846
706 20.7055
707 20.7831
708 20.8045
709 20.7827
710 20.8729
711 20.9717
712 20.8964
713 20.9701
714 21.0345
715 20.7119
716 20.7656
717 20.7181
718 20.9584
719 20.8576
720 20.8009
721 20.7502
722 21.0885
723 21.3586
724 21.0138
725 20.7483
726 20.793
727 20.7798
728 21.0185
729 20.7939
730 21.0367
731 20.7853
732 20.751
733 21.0076
734 20.8927
735 20.8146
736 20.7908
737 20.9341
738 20.7162
739 20.9389
740 20.8341
741 20.9727
742 21.0248
743 20.7411
744 20.7593
745 20.7705
746 20.8496
747 20.8734
748 20.7504
749 20.7788
750 20.8711
751 20.7178
752 20.8072
753 20.8272
754 20.7126
755 20.9089
756 21.0113
757 20.7706
758 21.0178
759 20.9322
760 21.0054
761 20.9184
762 20.8542
763 20.7342
764 20.7326
765 20.8815
766 21.122
767 20.7461
768 21.0465
769 20.8904
770 20.8028
771 21.058
772 20.9042
773 20.9362
774 20.7316
775 20.7167
776 20.988
777 20.7193
778 20.7921
779 21.0116
780 20.7645
781 20.877
782 20.7847
783 20.8193
784 21.0052
785 20.7721
786 21.0011
787 33.5969
788 21.8198
789 21.1682
790 21.2308
791 20.8053
792 21.0644
793 21.0052
794 21.0289
795 21.1062
796 21.0589
797 20.9403
798 20.9977
799 21.0813
800 21.0158
801 20.9219
802 20.9094
803 21.0271
804 21.0246
805 21.0386
806 21.2793
807 20.8306
808 21.0099
809 21.2366
810 21.0374
811 21.0201
812 21.0004
813 21.2495
814 20.9544
815 21.0252
816 21.0922
817 21.0229
818 21.178
819 21.0174
820 21.0091
821 20.9028
822 21.2819
823 21.3627
824 21.0559
825 21.2125
826 21.3567
827 21.2707
828 21.0766
829 21.1199
830 21.0547
831 20.9535
832 21.1714
833 21.0151
834 20.9807
835 21.1133
836 20.9834
837 21.1675
838 21.2128
839 20.7536
840 21.0888
841 21.0365
842 21.0793
843 21.1244
844 21.0021
845 21.0312
846 21.2818
847 21.1995
848 20.937
849 21.1
850 20.9747
851 21.4278
852 20.8039
853 21.241
854 21.0894
855 21.1453
856 21.0491
857 21.0401
858 21.2369
859 20.9345
860 21.0016
861 21.1825
862 21.2994
863 21.3418
864 21.1782
865 21.2559
866 21.2279
867 21.1833
868 21.2157
869 21.0032
870 21.1853
871 21.0624
872 21.294
873 20.9722
874 21.0436
875 21.0774
876 21.0434
877 21.0214
878 21.1321
879 21.2753
880 20.9082
881 20.7585
882 20.905
883 21.0188
884 20.9354
885 20.7669
886 20.8631
887 20.7244
888 20.6754
889 20.8609
890 20.8347
891 20.8105
892 20.8601
893 20.7482
894 20.9197
895 20.841
896 20.9921
897 20.7491
898 20.8467
899 21.0266
900 20.7883
901 20.8185
902 20.8908
903 20.7283
904 20.8878
905 21.0548
906 20.8282
907 20.7335
908 20.828
909 20.8422
910 20.8024
911 20.8162
912 20.8522
913 20.9598
914 20.9693
915 21.0655
916 20.9302
917 21.0226
918 20.9701
919 20.9777
920 20.909
921 20.7628
922 20.818
923 20.7941
924 20.9874
925 20.9523
926 20.9571
927 20.7637
928 20.9136
929 21.0019
930 20.8285
931 21.0385
932 20.696
933 20.9831
934 20.7977
935 21.0165
936 20.8541
937 21.0734
938 20.8663
939 20.8468
940 20.8035
941 20.9568
942 20.9166
943 20.7909
944 20.676
945 20.66
946 20.7002
947 20.7771
948 20.745
949 20.7387
950 20.6871
951 20.7544
952 20.7989
953 20.7689
954 20.6599
955 20.736
956 20.6808
957 20.7679
958 20.6835
959 20.686
960 20.887
961 20.8238
962 20.9866
963 20.7088
964 20.9649
965 20.8164
966 20.6888
967 20.9684
968 20.9613
969 20.8032
970 20.7631
971 20.8149
972 20.8212
973 21.0267
974 20.7745
975 20.6915
976 20.6948
977 20.8872
978 20.8133
979 21.086
980 20.9789
981 20.8219
982 20.9422
983 20.8175
984 20.9537
985 20.7506
986 20.7995
987 20.7172
988 21.0437
989 20.7264
990 20.7551
991 20.8121
992 20.8904
993 20.9448
994 20.928
995 20.8416
996 20.6419
997 20.7317
998 20.8157
999 20.8232
1000 21.0412
1001 21.0742
1002 21.1202
1003 20.774
1004 20.8149
1005 20.8671
1006 20.7521
1007 20.7111
1008 20.7627
1009 20.7147
1010 20.7559
1011 20.769
1012 20.8688
1013 20.8304
1014 20.778
1015 20.9516
1016 20.8893
1017 21.0289
1018 21.0874
1019 21.0677
1020 21.267
1021 21.0415
1022 21.3723
1023 21.1104
1024 20.7385
1025 20.985
1026 20.9859
1027 21.3417
1028 21.1721
1029 21.062
1030 21.0623
1031 21.2203
1032 20.9299
1033 21.1509
1034 21.1819
1035 20.7984
1036 20.835
1037 20.7316
1038 21.0765
1039 20.7259
1040 20.959
1041 20.7957
1042 20.8561
1043 21.0649
1044 20.8183
1045 21.0174
1046 20.8385
1047 20.9044
1048 21.016
1049 20.8585
1050 20.824
1051 20.7213
1052 20.9771
1053 20.9
1054 20.8089
1055 20.9714
1056 20.8187
1057 20.9729
1058 20.7058
1059 20.7648
1060 21.0329
1061 20.9447
1062 20.8956
1063 20.881
1064 20.8806
1065 20.9835
1066 20.8048
1067 21.0487
1068 20.9549
1069 20.9027
1070 20.8831
1071 20.8805
1072 20.8932
1073 20.9416
1074 20.7454
1075 20.9771
1076 20.8848
1077 20.8675
1078 20.8215
1079 20.73
1080 20.7431
1081 20.9476
1082 20.8463
1083 20.7826
1084 20.9052
1085 20.8279
1086 20.8137
1087 20.787
1088 20.7859
1089 20.8843
1090 20.8828
1091 20.875
1092 20.6776
1093 20.8016
1094 20.7863
1095 20.9528
1096 20.897
1097 20.8474
1098 20.8039
1099 20.8393
1100 20.8014
1101 20.9945
1102 20.9628
1103 20.9694
1104 20.9596
1105 20.7652
1106 21.0809
1107 21.0527
1108 21.0109
1109 20.9377
1110 21.1427
1111 20.7211
1112 20.8594
1113 20.8247
1114 20.7331
1115 20.8111
1116 20.8301
1117 20.8163
1118 20.7928
1119 20.7348
1120 20.768
1121 20.9366
1122 20.9845
1123 20.9856
1124 20.8004
1125 20.9627
1126 20.8795
1127 20.7115
1128 20.802
1129 20.9019
1130 21.0676
1131 20.8554
1132 20.9131
1133 20.7571
1134 21.0653
1135 20.9706
1136 20.9573
1137 20.7785
1138 20.9034
1139 20.9609
1140 20.7674
1141 20.9943
1142 20.997
1143 20.8512
1144 20.8081
1145 20.7418
1146 20.8887
1147 20.9166
1148 20.9494
1149 21.072
1150 20.7163
1151 21.0731
1152 20.7584
1153 20.9267
1154 20.7839
1155 20.8112
1156 20.9886
1157 20.7965
1158 21.0346
1159 20.9579
1160 21.4261
1161 21.1486
1162 21.2551
1163 21.1297
1164 21.2086
1165 20.9868
1166 21.2445
1167 21.1077
1168 21.1437
1169 21.0432
1170 20.9881
1171 21.2067
1172 21.1001
1173 21.028
1174 21.1275
1175 21.0431
1176 21.1434
1177 20.9907
1178 21.2361
1179 21.0173
1180 21.0946
1181 21.2116
1182 21.1553
1183 20.7852
1184 21.1161
1185 21.1091
1186 21.2626
1187 21.0191
1188 21.0879
1189 21.1144
1190 21.0589
1191 21.2107
1192 21.0458
1193 21.066
1194 21.0219
1195 21.2096
1196 20.7766
1197 21.2057
1198 21.0319
1199 21.0114
Avg time: 21.2954 ms
STDev: 0.5203 ms
