0 0.234424
1 0.212205
2 0.212963
3 0.213022
4 0.248234
5 0.251998
6 0.252619
7 0.251409
8 0.252358
9 0.253167
10 0.252938
11 0.260271
12 0.257411
13 0.256917
14 0.255088
15 0.254989
16 0.256716
17 0.255754
18 0.259054
19 0.60314
20 0.259175
21 0.263619
22 0.263138
23 0.26226
24 0.264075
25 0.264323
26 0.263511
27 0.256808
28 0.264114
29 0.265028
30 0.25353
31 0.253204
32 0.262806
33 0.263737
34 0.262923
35 0.253836
36 0.259888
37 0.262642
38 0.262463
39 0.26584
40 0.265319
41 0.266704
42 0.262116
43 0.265642
44 0.264095
45 0.264409
46 0.256716
47 0.254123
48 0.263183
49 0.267404
50 0.26706
51 0.264787
52 0.265519
53 0.265153
54 0.26485
55 0.263278
56 0.267231
57 0.266359
58 0.264049
59 0.266946
60 0.264244
61 0.267398
62 0.268022
63 0.267285
64 0.268144
65 0.273196
66 0.268727
67 0.269919
68 0.269402
69 0.269929
70 0.26974
71 0.26886
72 0.262889
73 0.27101
74 0.266973
75 0.273515
76 0.284028
77 0.276039
78 0.275628
79 0.273497
80 0.275903
81 0.272614
82 0.273901
83 0.281459
84 0.307214
85 0.280108
86 0.279285
87 0.279555
88 0.276895
89 0.281655
90 0.278629
91 0.282723
92 0.279183
93 0.286338
94 0.285452
95 0.283366
96 0.285692
97 0.284391
98 0.286809
99 0.287052
100 0.287383
101 0.287599
102 0.285069
103 0.287186
104 0.286124
105 0.28775
106 0.288184
107 0.28849
108 0.287764
109 0.283786
110 0.286042
111 0.290312
112 0.28706
113 0.278608
114 0.27803
115 0.287107
116 0.28488
117 0.288134
118 0.287594
119 0.28709
120 0.283799
121 0.287838
122 0.284594
123 0.286708
124 0.284326
125 0.285317
126 0.285242
127 0.289852
128 0.286572
129 0.286231
130 0.290744
131 0.285419
132 0.286012
133 0.286821
134 0.283012
135 0.286039
136 0.287819
137 0.287444
138 0.287191
139 0.287868
140 0.287439
141 0.288725
142 0.285949
143 0.280369
144 0.287301
145 0.285582
146 0.286726
147 0.296288
148 0.28492
149 0.287038
150 0.287628
151 0.285526
152 0.28881
153 0.282923
154 0.290968
155 0.285946
156 0.289434
157 0.287798
158 0.283927
159 0.281653
160 0.284605
161 0.281921
162 0.280687
163 0.272678
164 0.283877
165 0.283854
166 0.280546
167 0.283903
168 0.27967
169 0.281262
170 0.280193
171 0.280543
172 0.283444
173 0.280245
174 0.282791
175 0.281256
176 0.278525
177 0.27282
178 0.27613
179 0.27805
180 0.277918
181 0.275473
182 0.278186
183 0.277611
184 0.276787
185 0.27868
186 0.274044
187 0.279221
188 0.280481
189 0.27451
190 0.275698
191 0.279787
192 0.286038
193 0.277507
194 0.278471
195 0.270354
196 0.276945
197 0.2765
198 0.275344
199 0.276217
200 0.280723
201 0.275424
202 0.272894
203 0.274794
204 0.274463
205 0.273154
206 0.274952
207 0.274882
208 0.271042
209 0.275088
210 0.273732
211 0.274791
212 0.276067
213 0.273775
214 0.275214
215 0.273303
216 0.270977
217 0.272664
218 0.264148
219 0.271879
220 0.270678
221 0.262044
222 0.272864
223 0.272052
224 0.270611
225 0.272013
226 0.272859
227 0.271604
228 0.271915
229 0.2628
230 0.273528
231 0.270454
232 0.268539
233 0.27116
234 0.26319
235 0.271927
236 0.263135
237 0.27037
238 0.26741
239 0.269675
240 0.268279
241 0.26096
242 0.26799
243 0.266033
244 0.269342
245 0.266594
246 0.265965
247 0.269998
248 0.267444
249 0.265031
250 0.263869
251 0.268716
252 0.262669
253 0.264372
254 0.265273
255 0.264305
256 0.261285
257 0.263084
258 0.257238
259 0.2607
260 0.259261
261 0.262105
262 0.260414
263 0.261105
264 0.258209
265 0.262902
266 0.261289
267 0.2595
268 0.260667
269 0.261304
270 0.256983
271 0.259331
272 0.258975
273 0.2599
274 0.258565
275 0.25787
276 0.259571
277 0.261361
278 0.307601
279 0.260636
280 0.286313
281 0.26128
282 0.259594
283 0.258648
284 0.25947
285 0.257357
286 0.260617
287 0.269396
288 0.260405
289 0.259839
290 0.264069
291 0.258028
292 0.258961
293 0.260661
294 0.259284
295 0.259995
296 0.257524
297 0.263906
298 0.264969
299 0.261477
300 0.260435
301 0.268166
302 0.258795
303 0.265954
304 0.262207
305 0.26196
306 0.262607
307 0.261632
308 0.262877
309 0.262449
310 0.257739
311 0.26257
312 0.258744
313 0.262145
314 0.261218
315 0.260391
316 0.262459
317 0.262001
318 0.260446
319 0.261708
320 0.259674
321 0.263203
322 0.261795
323 0.26149
324 0.264923
325 0.276663
326 0.261309
327 0.263652
328 0.252112
329 0.262896
330 0.261947
331 0.262112
332 0.260882
333 0.260724
334 0.261137
335 0.265486
336 0.258771
337 0.262817
338 0.262697
339 0.266647
340 0.262338
341 0.260879
342 0.264783
343 0.262844
344 0.259557
345 0.266646
346 0.260503
347 0.263756
348 0.261921
349 0.261836
350 0.263507
351 0.263387
352 0.262594
353 0.263749
354 0.259282
355 0.264447
356 0.264737
357 0.262504
358 0.26238
359 0.260794
360 0.262489
361 0.264617
362 0.259872
363 0.263703
364 0.263079
365 0.262767
366 0.26141
367 0.255515
368 0.262896
369 0.263708
370 0.260141
371 0.264418
372 0.261562
373 0.263034
374 0.26172
375 0.260754
376 0.265238
377 0.263635
378 0.259446
379 0.263079
380 0.261923
381 0.262848
382 0.262183
383 0.261452
384 0.278813
385 0.263289
386 0.262547
387 0.263347
388 0.260663
389 0.256068
390 0.262396
391 0.262371
392 0.265006
393 0.26572
394 0.263651
395 0.256771
396 0.262044
397 0.266659
398 0.264935
399 0.261604
400 0.265534
401 0.26273
402 0.26264
403 0.264604
404 0.261282
405 0.263442
406 0.264949
407 0.264132
408 0.267349
409 0.264221
410 0.267052
411 0.263993
412 0.259845
413 0.264505
414 0.262925
415 0.278529
416 0.263398
417 0.262142
418 0.264679
419 0.263632
420 0.263258
421 0.264141
422 0.263649
423 0.264816
424 0.262916
425 0.262275
426 0.263961
427 0.265048
428 0.267051
429 0.273162
430 0.263561
431 0.264339
432 0.265467
433 0.256493
434 0.256927
435 0.266135
436 0.264683
437 0.293327
438 0.2646
439 0.264919
440 0.264722
441 0.2633
442 0.264539
443 0.26484
444 0.262031
445 0.264831
446 0.263325
447 0.265993
448 0.263785
449 0.261823
450 0.265052
451 0.266098
452 0.264068
453 0.265258
454 0.260833
455 0.265765
456 0.264691
457 0.262959
458 0.263892
459 0.268836
460 0.259868
461 0.267955
462 0.264964
463 0.264854
464 0.264355
465 0.264449
466 0.266728
467 0.264119
468 0.263183
469 0.265822
470 0.265124
471 0.264603
472 0.262685
473 0.262081
474 0.264032
475 0.265082
476 0.2562
477 0.263832
478 0.263043
479 0.264369
480 0.265477
481 0.262604
482 0.263551
483 0.264398
484 0.264963
485 0.265092
486 0.260292
487 0.265335
488 0.264334
489 0.258979
490 0.264339
491 0.267022
492 0.266704
493 0.259407
494 0.261642
495 0.26594
496 0.273779
497 0.269626
498 0.263855
499 0.261212
500 0.264392
501 0.264651
502 0.261748
503 0.264528
504 0.261714
505 0.265963
506 0.263919
507 0.255575
508 0.264669
509 0.265201
510 0.26332
511 0.2674
512 0.265496
513 0.265209
514 0.263038
515 0.26325
516 0.265969
517 0.262443
518 0.263915
519 0.264929
520 0.252446
521 0.26654
522 0.266564
523 0.264204
524 0.26328
525 0.264038
526 0.261428
527 0.265655
528 0.264971
529 0.265732
530 0.264352
531 0.262508
532 0.26513
533 0.265844
534 0.264357
535 0.264878
536 0.255921
537 0.265076
538 0.265401
539 0.262072
540 0.264161
541 0.264077
542 0.260893
543 0.265152
544 0.262706
545 0.265273
546 0.264868
547 0.262387
548 0.26462
549 0.263596
550 0.262125
551 0.264038
552 0.263533
553 0.264077
554 0.267363
555 0.262752
556 0.25814
557 0.26356
558 0.267364
559 0.264708
560 0.274361
561 0.256557
562 0.265241
563 0.262256
564 0.257637
565 0.264532
566 0.262197
567 0.265283
568 0.264746
569 0.273639
570 0.264526
571 0.261764
572 0.267004
573 0.266399
574 0.262792
575 0.265914
576 0.263648
577 0.265179
578 0.263954
579 0.263887
580 0.268293
581 0.265391
582 0.263089
583 0.265904
584 0.264644
585 0.263165
586 0.264368
587 0.264896
588 0.265521
589 0.265113
590 0.262144
591 0.264365
592 0.264751
593 0.262168
594 0.264113
595 0.26434
596 0.266279
597 0.26553
598 0.265958
599 0.264686
600 0.26357
601 0.264187
602 0.264223
603 0.263151
604 0.2625
605 0.266474
606 0.268477
607 0.263112
608 0.264047
609 0.262929
610 0.264453
611 0.264655
612 0.262602
613 0.264521
614 0.263744
615 0.263637
616 0.263802
617 0.263447
618 0.264627
619 0.264798
620 0.261683
621 0.264823
622 0.262907
623 0.266484
624 0.256184
625 0.26526
626 0.26344
627 0.266469
628 0.264879
629 0.274674
630 0.263253
631 0.262566
632 0.264071
633 0.265444
634 0.26277
635 0.256599
636 0.263141
637 0.263784
638 0.263169
639 0.263924
640 0.265134
641 0.263572
642 0.261461
643 0.26453
644 0.263717
645 0.264968
646 0.265048
647 0.264438
648 0.26464
649 0.26628
650 0.267741
651 0.268279
652 0.263559
653 0.260246
654 0.263911
655 0.253602
656 0.263115
657 0.26405
658 0.261262
659 0.264106
660 0.268511
661 0.262589
662 0.268396
663 0.266038
664 0.280609
665 0.26505
666 0.267609
667 0.276767
668 0.266962
669 0.262037
670 0.266914
671 0.268413
672 0.263105
673 0.264346
674 0.260964
675 0.264066
676 0.264648
677 0.264359
678 0.262668
679 0.263792
680 0.262772
681 0.264672
682 0.26292
683 0.257355
684 0.265062
685 0.25668
686 0.264509
687 0.265954
688 0.284877
689 0.265393
690 0.264004
691 0.265084
692 0.259798
693 0.263275
694 0.2638
695 0.265041
696 0.26125
697 0.26743
698 0.265046
699 0.271279
700 0.266358
701 0.26428
702 0.266472
703 0.266722
704 0.268586
705 0.266719
706 0.26615
707 0.265058
708 0.265735
709 0.264904
710 0.265842
711 0.268643
712 0.264786
713 0.268133
714 0.258932
715 0.269153
716 0.268381
717 0.258814
718 0.267565
719 0.26916
720 0.266468
721 0.269367
722 0.267965
723 0.268059
724 0.268964
725 0.267971
726 0.271187
727 0.272793
728 0.271007
729 0.271106
730 0.270496
731 0.267839
732 0.270588
733 0.268382
734 0.2704
735 0.262801
736 0.268006
737 0.270985
738 0.269255
739 0.268885
740 0.270671
741 0.269996
742 0.269081
743 0.272118
744 0.267957
745 0.268776
746 0.272996
747 0.268064
748 0.269526
749 0.271813
750 0.272301
751 0.272199
752 0.269061
753 0.270791
754 0.27008
755 0.270854
756 0.270099
757 0.270321
758 0.260548
759 0.271253
760 0.26764
761 0.271845
762 0.263723
763 0.266643
764 0.268604
765 0.268951
766 0.269481
767 0.26957
768 0.26714
769 0.268868
770 0.267877
771 0.265646
772 0.266284
773 0.267177
774 0.265188
775 0.265784
776 0.264551
777 0.262987
778 0.267994
779 0.256851
780 0.2635
781 0.265201
782 0.262192
783 0.265598
784 0.263185
785 0.26177
786 0.263147
787 0.263653
788 0.262741
789 0.264127
790 0.26186
791 0.263321
792 0.262351
793 0.260198
794 0.278158
795 0.267659
796 0.263568
797 0.265559
798 0.260206
799 0.264375
800 0.263092
801 0.262444
802 0.266206
803 0.26483
804 0.262717
805 0.264764
806 0.264517
807 0.257821
808 0.263393
809 0.261046
810 0.264276
811 0.264042
812 0.261053
813 0.263893
814 0.264429
815 0.264884
816 0.263355
817 0.265116
818 0.265156
819 0.264293
820 0.262554
821 0.263611
822 0.264276
823 0.261263
824 0.262885
825 0.262715
826 0.263094
827 0.262632
828 0.259924
829 0.263502
830 0.263236
831 0.263211
832 0.255792
833 0.253684
834 0.262414
835 0.263045
836 0.263153
837 0.264837
838 0.262357
839 0.26001
840 0.262072
841 0.267676
842 0.26285
843 0.264091
844 0.261431
845 0.26412
846 0.264906
847 0.261908
848 0.262669
849 0.264408
850 0.264667
851 0.263295
852 0.261385
853 0.265645
854 0.267052
855 0.263078
856 0.264191
857 0.262529
858 0.263996
859 0.263767
860 0.262989
861 0.263325
862 0.266658
863 0.262758
864 0.262021
865 0.255171
866 0.264691
867 0.2669
868 0.261291
869 0.265947
870 0.264825
871 0.262255
872 0.263723
873 0.271997
874 0.263206
875 0.31144
876 0.255839
877 0.263482
878 0.262325
879 0.261388
880 0.265186
881 0.262721
882 0.263654
883 0.266557
884 0.263548
885 0.264229
886 0.254085
887 0.276778
888 0.26588
889 0.265094
890 0.264341
891 0.261251
892 0.261169
893 0.264216
894 0.258711
895 0.264705
896 0.263929
897 0.264219
898 0.264842
899 0.264593
900 0.264331
901 0.264742
902 0.261605
903 0.266722
904 0.265329
905 0.262756
906 0.265463
907 0.262962
908 0.264678
909 0.266665
910 0.264956
911 0.267032
912 0.265972
913 0.266018
914 0.26592
915 0.266161
916 0.263166
917 0.269427
918 0.260324
919 0.266248
920 0.266485
921 0.269579
922 0.258909
923 0.271959
924 0.266097
925 0.268646
926 0.267983
927 0.268061
928 0.266975
929 0.265865
930 0.273032
931 0.26938
932 0.265464
933 0.269073
934 0.268066
935 0.268851
936 0.268554
937 0.268077
938 0.26998
939 0.270928
940 0.26832
941 0.269539
942 0.270137
943 0.272015
944 0.269479
945 0.269543
946 0.270533
947 0.271249
948 0.270663
949 0.273339
950 0.270968
951 0.272631
952 0.266623
953 0.266697
954 0.277715
955 0.27472
956 0.271617
957 0.274294
958 0.274159
959 0.27383
960 0.276569
961 0.273798
962 0.273989
963 0.275208
964 0.274366
965 0.275056
966 0.274442
967 0.273756
968 0.275318
969 0.276653
970 0.275082
971 0.277111
972 0.27262
973 0.279276
974 0.276397
975 0.275407
976 0.27896
977 0.277768
978 0.276738
979 0.276785
980 0.268166
981 0.2783
982 0.278358
983 0.275053
984 0.27825
985 0.271006
986 0.276933
987 0.278631
988 0.274299
989 0.276858
990 0.276748
991 0.273003
992 0.279823
993 0.276801
994 0.273801
995 0.27894
996 0.273588
997 0.280135
998 0.273753
999 0.273259
1000 0.27786
1001 0.273326
1002 0.269925
1003 0.264211
1004 0.27091
1005 0.269707
1006 0.270893
1007 0.269416
1008 0.269503
1009 0.272003
1010 0.268002
1011 0.271904
1012 0.267722
1013 0.262188
1014 0.267038
1015 0.269055
1016 0.270985
1017 0.267974
1018 0.2665
1019 0.267271
1020 0.265949
1021 0.267946
1022 0.264077
1023 0.263305
1024 0.268282
1025 0.269095
1026 0.264034
1027 0.265948
1028 0.262714
1029 0.258968
1030 0.257605
1031 0.258224
1032 0.257593
1033 0.258134
1034 0.255522
1035 0.258742
1036 0.255221
1037 0.257952
1038 0.256917
1039 0.25753
1040 0.255805
1041 0.258062
1042 0.257061
1043 0.255667
1044 0.255461
1045 0.256444
1046 0.254611
1047 0.256159
1048 0.256042
1049 0.267003
1050 0.263742
1051 0.266817
1052 0.26331
1053 0.264017
1054 0.262269
1055 0.265392
1056 0.262252
1057 0.274471
1058 0.263633
1059 0.261618
1060 0.264332
1061 0.264847
1062 0.259926
1063 0.264854
1064 0.262084
1065 0.264602
1066 0.263879
1067 0.262763
1068 0.263525
1069 0.265015
1070 0.262504
1071 0.265385
1072 0.263117
1073 0.266563
1074 0.263326
1075 0.265467
1076 0.263924
1077 0.266931
1078 0.264771
1079 0.256703
1080 0.264537
1081 0.265386
1082 0.263637
1083 0.264168
1084 0.263765
1085 0.259462
1086 0.264616
1087 0.268337
1088 0.263086
1089 0.294137
1090 0.262798
1091 0.261954
1092 0.262699
1093 0.264487
1094 0.263238
1095 0.272674
1096 0.263311
1097 0.263732
1098 0.26494
1099 0.262283
1100 0.263367
1101 0.26474
1102 0.264901
1103 0.266266
1104 0.266698
1105 0.268806
1106 0.265633
1107 0.262608
1108 0.265649
1109 0.256684
1110 0.263854
1111 0.264603
1112 0.262782
1113 0.265629
1114 0.267253
1115 0.26265
1116 0.265021
1117 0.268415
1118 0.256996
1119 0.263288
1120 0.256663
1121 0.263088
1122 0.263385
1123 0.262252
1124 0.267173
1125 0.264398
1126 0.264365
1127 0.265168
1128 0.263286
1129 0.265422
1130 0.263549
1131 0.265626
1132 0.263911
1133 0.264016
1134 0.274447
1135 0.264856
1136 0.264284
1137 0.265333
1138 0.265917
1139 0.264927
1140 0.264429
1141 0.26413
1142 0.258956
1143 0.264715
1144 0.259955
1145 0.254934
1146 0.262079
1147 0.261148
1148 0.260788
1149 0.260968
1150 0.259088
1151 0.253446
1152 0.262174
1153 0.261916
1154 0.260227
1155 0.260368
1156 0.260269
1157 0.262508
1158 0.259183
1159 0.264492
1160 0.261204
1161 0.255321
1162 0.264794
1163 0.258988
1164 0.260586
1165 0.262138
1166 0.257627
1167 0.262698
1168 0.261071
1169 0.260494
1170 0.264876
1171 0.252534
1172 0.255931
1173 0.26128
1174 0.257551
1175 0.263651
1176 0.262962
1177 0.259335
1178 0.260174
1179 0.262894
1180 0.259876
1181 0.262607
1182 0.259167
1183 0.263542
1184 0.253762
1185 0.259376
1186 0.261031
1187 0.259921
1188 0.26095
1189 0.261169
1190 0.258245
1191 0.2592
1192 0.25964
1193 0.257623
1194 0.259934
1195 0.258829
1196 0.259842
1197 0.259533
1198 0.260971
1199 0.261283
Avg time: 0.266877 ms
STDev: 0.00607009 ms
