0 7.13083
1 6.30183
2 6.26814
3 6.15487
4 6.30246
5 6.26314
6 6.28754
7 6.28978
8 6.31097
9 6.26997
10 6.27758
11 6.28415
12 6.30211
13 6.16287
14 6.27029
15 6.27046
16 6.27739
17 6.31797
18 6.27945
19 6.31716
20 6.3466
21 6.31759
22 6.28027
23 6.31786
24 6.28524
25 6.28392
26 6.18766
27 6.27667
28 6.28039
29 6.27179
30 6.27587
31 6.28933
32 6.30473
33 6.27016
34 6.28344
35 6.16954
36 6.31688
37 6.16674
38 6.28582
39 6.32132
40 6.30134
41 6.2761
42 6.25827
43 6.16522
44 6.28652
45 6.28557
46 6.27003
47 6.2859
48 6.30498
49 6.27251
50 6.28747
51 6.29283
52 6.28081
53 6.30062
54 6.28901
55 6.32957
56 6.18014
57 6.28518
58 6.34242
59 6.3402
60 6.28172
61 6.29633
62 6.28742
63 6.29818
64 6.31035
65 6.33715
66 6.29533
67 6.29405
68 6.29133
69 6.35554
70 6.3081
71 6.42097
72 6.22177
73 6.19379
74 6.22448
75 6.23165
76 6.2287
77 6.2653
78 6.24479
79 6.24426
80 6.23404
81 6.23206
82 6.22701
83 6.26386
84 6.3763
85 6.22776
86 6.24589
87 6.21955
88 6.30843
89 6.24948
90 6.25155
91 6.25099
92 6.24259
93 6.28203
94 6.2442
95 6.24869
96 6.28946
97 6.23365
98 6.23749
99 6.24527
100 6.24222
101 6.24277
102 6.24777
103 6.24394
104 6.24568
105 6.24731
106 6.26137
107 6.25456
108 6.26087
109 6.25979
110 6.25526
111 6.25645
112 6.34608
113 6.3206
114 6.35066
115 6.37516
116 6.33309
117 6.33495
118 6.34422
119 6.34065
120 6.35509
121 6.35222
122 6.33871
123 6.34099
124 6.26678
125 6.35514
126 6.32984
127 6.33629
128 6.34638
129 6.33749
130 6.34863
131 6.41224
132 6.33351
133 6.36789
134 6.36238
135 6.34899
136 6.32676
137 6.33792
138 6.35726
139 6.36526
140 6.33219
141 6.33416
142 6.34051
143 6.33896
144 6.34757
145 6.33222
146 6.33005
147 6.38506
148 6.33856
149 6.33373
150 6.38037
151 6.33737
152 6.33192
153 6.41436
154 6.35128
155 6.23791
156 6.32834
157 6.34228
158 6.31672
159 6.31755
160 6.33866
161 6.34199
162 6.31458
163 6.31344
164 6.31198
165 6.22221
166 6.34204
167 6.33602
168 6.34272
169 6.38347
170 6.32252
171 6.30683
172 6.3547
173 6.32575
174 6.33545
175 6.31798
176 6.30301
177 6.30621
178 6.29692
179 6.3049
180 6.31489
181 6.2911
182 6.3163
183 6.37889
184 6.29208
185 6.32194
186 6.31733
187 6.31828
188 6.34006
189 6.29393
190 6.28851
191 6.29603
192 6.29128
193 6.29489
194 6.3128
195 6.28674
196 6.18276
197 6.29243
198 6.2909
199 6.18816
200 6.19936
201 6.33081
202 6.23221
203 6.28892
204 6.28948
205 6.28312
206 6.29172
207 6.49698
208 6.28687
209 6.31074
210 6.31994
211 6.3259
212 6.30086
213 6.34433
214 6.28936
215 6.28123
216 6.28731
217 6.28371
218 6.29396
219 6.29249
220 6.28112
221 6.33907
222 6.27947
223 6.28996
224 6.29316
225 6.29095
226 6.30205
227 6.30684
228 6.31185
229 6.28716
230 6.28921
231 6.29431
232 6.29326
233 6.30174
234 6.31344
235 6.62682
236 6.31634
237 6.30583
238 6.36885
239 6.30343
240 6.35232
241 6.27818
242 6.28343
243 6.28638
244 6.27304
245 6.27671
246 6.28629
247 6.30466
248 6.27466
249 6.31048
250 6.269
251 6.28112
252 6.30448
253 6.55895
254 6.26682
255 6.29732
256 6.32098
257 6.32502
258 6.30425
259 6.33842
260 6.28649
261 6.26778
262 6.26794
263 6.26905
264 6.26636
265 6.18854
266 6.28975
267 6.26175
268 6.25392
269 6.26799
270 6.26757
271 6.18582
272 6.26605
273 6.32394
274 6.27707
275 6.29938
276 6.3116
277 6.17658
278 6.49722
279 6.26026
280 6.40702
281 6.26275
282 6.25838
283 6.26282
284 6.24857
285 6.25531
286 6.26651
287 6.27529
288 6.31703
289 6.27501
290 6.28242
291 6.27957
292 6.32014
293 6.26514
294 6.28342
295 6.32131
296 6.1815
297 6.24934
298 6.25919
299 6.24101
300 6.28557
301 6.28233
302 6.25052
303 6.25694
304 6.2637
305 6.27211
306 6.27268
307 6.25362
308 6.25965
309 6.23096
310 6.25105
311 6.29019
312 6.24811
313 6.25196
314 6.2522
315 6.25174
316 6.2723
317 6.25153
318 6.24612
319 6.40802
320 6.26175
321 6.24919
322 6.17306
323 6.25302
324 6.27316
325 6.31216
326 6.27538
327 6.26019
328 6.25522
329 6.25247
330 6.29454
331 6.25159
332 6.25934
333 6.2564
334 6.27507
335 6.28442
336 6.28742
337 6.2599
338 6.24966
339 6.29053
340 6.24148
341 6.26061
342 6.26279
343 6.25191
344 6.25325
345 6.26807
346 6.29007
347 6.27427
348 6.29629
349 6.29452
350 6.26153
351 6.25165
352 6.26387
353 6.28388
354 6.24089
355 6.29317
356 6.25995
357 6.27108
358 6.26492
359 6.26975
360 6.17998
361 6.29535
362 6.23519
363 6.2612
364 6.26734
365 6.27338
366 6.27293
367 6.2875
368 6.2748
369 6.27015
370 6.2434
371 6.26405
372 6.27012
373 6.25704
374 6.25078
375 6.27358
376 6.28181
377 6.24374
378 6.25686
379 6.27223
380 6.31054
381 6.2613
382 6.31724
383 6.23249
384 6.23011
385 6.25679
386 6.29598
387 6.26164
388 6.29569
389 6.22127
390 6.23101
391 6.2306
392 6.29126
393 6.26172
394 6.2691
395 6.26628
396 6.25979
397 6.27385
398 6.27959
399 6.32879
400 6.14469
401 6.54911
402 6.25101
403 6.2832
404 6.24298
405 6.27316
406 6.26055
407 6.27157
408 6.24663
409 6.24066
410 6.24547
411 6.24272
412 6.2604
413 6.24053
414 6.24498
415 6.25469
416 6.24438
417 6.26021
418 6.2847
419 6.23552
420 6.40033
421 6.2693
422 6.26452
423 6.26809
424 6.27208
425 6.25432
426 6.25652
427 6.23422
428 6.24625
429 6.3262
430 6.31376
431 6.23415
432 6.24763
433 6.24331
434 6.23467
435 6.24232
436 6.41823
437 6.28111
438 6.25464
439 6.28662
440 6.16434
441 6.245
442 6.23994
443 6.24508
444 6.24682
445 6.24495
446 6.23631
447 6.24233
448 6.24795
449 6.24022
450 6.26101
451 6.23573
452 6.23208
453 6.22057
454 6.23622
455 6.26059
456 6.27872
457 6.24216
458 6.25641
459 6.24105
460 6.25867
461 6.26839
462 6.29556
463 6.24458
464 6.46058
465 6.25669
466 6.2506
467 6.35558
468 6.23359
469 6.18963
470 6.1832
471 6.14811
472 6.18933
473 6.20038
474 6.20618
475 6.22635
476 6.18635
477 6.18117
478 6.3288
479 6.18639
480 6.19022
481 6.18424
482 6.18149
483 6.18751
484 6.17542
485 6.18278
486 6.19924
487 6.18448
488 6.18614
489 6.17436
490 6.1925
491 6.18203
492 6.19327
493 6.1764
494 6.23246
495 6.18937
496 6.18409
497 6.18416
498 6.18014
499 6.19789
500 6.17614
501 6.17731
502 6.18936
503 6.19706
504 6.18633
505 6.18201
506 6.17915
507 6.1824
508 6.1475
509 6.18237
510 6.18842
511 6.15474
512 6.19882
513 6.18575
514 6.18165
515 6.16986
516 6.19542
517 6.18542
518 6.14228
519 6.19033
520 6.18406
521 6.18194
522 6.18919
523 6.18504
524 6.19422
525 6.17319
526 6.14281
527 6.17805
528 6.18777
529 6.19078
530 6.18483
531 6.21884
532 6.19087
533 6.19627
534 6.17728
535 6.18549
536 6.18346
537 6.1829
538 6.1784
539 6.18294
540 6.15115
541 6.17178
542 6.21561
543 6.18766
544 6.17343
545 6.18948
546 6.17893
547 6.18271
548 6.17948
549 6.1923
550 6.17325
551 6.17454
552 6.18741
553 6.18395
554 6.18649
555 6.18889
556 6.18307
557 6.18263
558 6.17836
559 6.18299
560 6.18563
561 6.21958
562 6.18241
563 6.17885
564 6.18618
565 6.18274
566 6.18725
567 6.17574
568 6.22615
569 6.19259
570 6.21831
571 6.18645
572 6.21247
573 6.18107
574 6.19394
575 6.17437
576 6.18274
577 6.17723
578 6.1909
579 6.18749
580 6.218
581 6.1425
582 6.18638
583 6.17946
584 6.18505
585 6.18832
586 6.17557
587 6.18178
588 6.18172
589 6.18649
590 6.17593
591 6.17554
592 6.18182
593 6.3368
594 6.19406
595 6.57213
596 6.26272
597 6.25252
598 6.25966
599 6.26867
600 6.2558
601 6.24815
602 6.26141
603 6.26207
604 6.25329
605 6.27287
606 6.27426
607 6.24929
608 6.27025
609 6.24354
610 6.2791
611 6.2636
612 6.26301
613 6.25576
614 6.2775
615 6.25217
616 6.17487
617 6.26805
618 6.33511
619 6.27349
620 6.27879
621 6.28483
622 6.2576
623 6.26656
624 6.2633
625 6.26364
626 6.27069
627 6.27386
628 6.3123
629 6.28319
630 6.27036
631 6.25698
632 6.33631
633 6.2669
634 6.27284
635 6.26033
636 6.26489
637 6.33478
638 6.26933
639 6.26579
640 6.26354
641 6.32097
642 6.29963
643 6.28834
644 6.29422
645 6.31003
646 6.29317
647 6.27038
648 6.24365
649 6.25151
650 6.27014
651 6.27243
652 6.28295
653 6.28779
654 6.27565
655 6.26514
656 6.27758
657 6.26398
658 6.26622
659 6.32755
660 6.267
661 6.26302
662 6.26616
663 6.26498
664 6.29824
665 6.27182
666 6.29378
667 6.30753
668 6.30393
669 6.28193
670 6.27104
671 6.26181
672 6.27219
673 6.27562
674 6.27219
675 6.28648
676 6.28678
677 6.28347
678 6.26771
679 6.29196
680 6.25971
681 6.26897
682 6.31097
683 6.29163
684 6.29936
685 6.25397
686 6.27974
687 6.1705
688 6.47019
689 6.30458
690 6.2821
691 6.27922
692 6.27607
693 6.27533
694 6.27859
695 6.31333
696 6.2772
697 6.28417
698 6.25017
699 6.27757
700 6.28613
701 6.27451
702 6.28184
703 6.32126
704 6.29406
705 6.27709
706 6.27397
707 6.28033
708 6.28945
709 6.29199
710 6.29339
711 6.28777
712 6.22301
713 6.28234
714 6.29402
715 6.34329
716 6.28795
717 6.28359
718 6.27228
719 6.27808
720 6.26941
721 6.27106
722 6.30227
723 6.23123
724 6.31275
725 6.28255
726 6.28114
727 6.2717
728 6.52984
729 6.30469
730 6.51987
731 6.6208
732 6.27462
733 6.27183
734 6.2741
735 6.28077
736 6.28046
737 6.29023
738 6.27275
739 6.28546
740 6.27617
741 6.32894
742 6.27446
743 6.27985
744 6.28374
745 6.27442
746 6.29661
747 6.29197
748 6.27897
749 6.27162
750 6.276
751 6.2797
752 6.32677
753 6.29287
754 6.27582
755 6.28612
756 6.28233
757 6.2764
758 6.29553
759 6.28236
760 6.31171
761 6.27633
762 6.28177
763 6.28107
764 6.28054
765 6.28526
766 6.29203
767 6.31096
768 6.28538
769 6.26476
770 6.27471
771 6.26976
772 6.18265
773 6.28334
774 6.27464
775 6.27047
776 6.26509
777 6.25971
778 6.15556
779 6.18441
780 6.27892
781 6.29586
782 6.27605
783 6.30868
784 6.24657
785 6.2691
786 6.28752
787 6.30511
788 6.27597
789 6.26608
790 6.26193
791 6.27295
792 6.28164
793 6.28576
794 6.19505
795 6.27683
796 6.60468
797 6.25439
798 6.26293
799 6.28146
800 6.27925
801 6.25611
802 6.25972
803 7.10478
804 6.17446
805 6.26586
806 6.23312
807 6.24726
808 6.26079
809 6.26696
810 6.45972
811 6.26183
812 6.28359
813 6.26157
814 6.2565
815 6.25373
816 6.26339
817 6.51866
818 6.2518
819 6.26086
820 6.26026
821 6.25424
822 6.25532
823 6.26823
824 6.24066
825 6.24696
826 6.29964
827 6.26541
828 6.25055
829 6.25297
830 6.25416
831 6.26655
832 6.25425
833 6.27711
834 6.2741
835 6.41702
836 6.25491
837 6.2664
838 6.27388
839 6.27998
840 6.2545
841 6.25981
842 6.25866
843 6.25794
844 6.26091
845 6.32849
846 6.26058
847 6.26502
848 6.25851
849 6.26102
850 6.27239
851 6.29263
852 6.27415
853 6.26249
854 6.25765
855 6.29159
856 6.26056
857 6.29886
858 6.25555
859 6.26465
860 6.27532
861 6.27939
862 6.17069
863 6.29678
864 6.29321
865 6.25782
866 6.265
867 6.2658
868 6.26237
869 6.28617
870 6.29406
871 6.25355
872 6.28024
873 6.27917
874 6.24761
875 6.25434
876 6.26628
877 6.251
878 6.28808
879 6.26625
880 6.25678
881 6.24884
882 6.27372
883 6.30225
884 6.26134
885 6.25931
886 6.25536
887 6.25103
888 6.25945
889 6.25789
890 6.25992
891 6.2506
892 6.25746
893 6.25661
894 6.30883
895 6.27796
896 6.24168
897 6.24184
898 6.25147
899 6.28297
900 6.25907
901 6.25381
902 6.28974
903 6.27902
904 6.26162
905 6.71971
906 6.68505
907 6.66229
908 6.65583
909 6.66162
910 6.63675
911 6.68656
912 6.67261
913 6.63917
914 6.6677
915 6.68258
916 6.6745
917 6.66396
918 6.67404
919 6.64255
920 6.69427
921 6.6434
922 6.67155
923 6.68462
924 6.65969
925 6.66318
926 6.68823
927 6.68174
928 6.66106
929 6.69175
930 6.6837
931 6.68425
932 6.66807
933 6.67571
934 6.68451
935 6.32648
936 6.67169
937 6.70522
938 6.70227
939 6.69245
940 6.66192
941 6.66591
942 6.65684
943 6.68184
944 6.66005
945 6.70282
946 6.65717
947 6.68816
948 6.66807
949 6.32868
950 6.65497
951 6.67839
952 6.69979
953 6.65067
954 6.6733
955 6.68
956 6.67893
957 6.67389
958 6.6922
959 6.69225
960 6.31058
961 6.64969
962 6.66802
963 6.66934
964 6.68221
965 6.68243
966 6.66506
967 6.64894
968 6.41834
969 6.2836
970 6.16928
971 6.28747
972 6.28976
973 6.276
974 6.26644
975 6.28399
976 6.17018
977 6.31172
978 6.28573
979 6.31206
980 6.32268
981 6.29578
982 6.28687
983 6.29733
984 6.29354
985 6.29578
986 6.28958
987 6.32086
988 6.31307
989 6.30462
990 6.31441
991 6.29354
992 6.32723
993 6.30901
994 6.27942
995 6.3138
996 6.31614
997 6.30291
998 6.31703
999 6.29454
1000 6.27721
1001 6.28018
1002 6.2883
1003 6.28368
1004 6.28541
1005 6.30125
1006 6.30441
1007 6.26882
1008 6.26421
1009 6.2771
1010 6.26994
1011 6.53951
1012 6.3091
1013 6.28227
1014 6.28391
1015 6.27691
1016 6.25676
1017 6.30614
1018 6.32185
1019 6.28017
1020 6.28547
1021 6.28519
1022 6.25884
1023 6.26551
1024 6.2533
1025 6.25879
1026 6.26179
1027 6.28984
1028 6.26458
1029 6.24938
1030 6.24518
1031 6.26025
1032 6.25892
1033 6.26322
1034 6.26391
1035 6.24549
1036 6.25438
1037 6.26202
1038 6.24206
1039 6.27452
1040 6.26047
1041 6.26005
1042 6.26515
1043 6.36218
1044 6.27106
1045 6.28863
1046 6.14479
1047 6.25524
1048 6.2619
1049 6.25074
1050 6.29669
1051 6.25962
1052 6.29138
1053 6.28222
1054 6.28796
1055 6.24199
1056 6.27156
1057 6.26009
1058 6.25022
1059 6.25418
1060 6.2818
1061 6.1426
1062 6.23962
1063 6.27536
1064 6.25345
1065 6.26354
1066 6.26814
1067 6.27181
1068 6.30047
1069 6.32051
1070 6.26927
1071 6.25648
1072 6.26191
1073 6.25908
1074 6.25383
1075 6.26485
1076 6.2618
1077 6.25717
1078 6.27343
1079 6.28559
1080 6.34126
1081 6.29454
1082 6.26085
1083 6.26584
1084 6.27148
1085 6.26377
1086 6.36383
1087 6.25005
1088 6.3028
1089 6.25919
1090 6.26086
1091 6.26577
1092 6.25333
1093 6.25938
1094 6.26446
1095 6.26909
1096 6.26625
1097 6.2653
1098 6.19154
1099 6.23491
1100 6.27871
1101 6.18331
1102 6.27534
1103 6.28096
1104 6.27454
1105 6.26015
1106 6.28418
1107 6.34058
1108 6.26602
1109 6.29679
1110 6.2727
1111 6.27663
1112 6.27771
1113 6.26016
1114 6.26516
1115 6.25835
1116 6.26144
1117 6.26227
1118 6.25056
1119 6.24453
1120 6.28621
1121 6.26839
1122 6.2629
1123 6.26991
1124 6.2774
1125 6.27215
1126 6.32828
1127 6.24246
1128 6.2575
1129 6.28191
1130 6.26519
1131 6.25914
1132 6.25959
1133 6.26763
1134 6.27314
1135 6.25785
1136 6.31322
1137 6.15213
1138 6.26113
1139 6.27519
1140 6.26323
1141 6.26502
1142 6.31614
1143 6.26656
1144 6.14543
1145 6.2916
1146 6.27651
1147 6.25267
1148 6.26227
1149 6.25718
1150 6.25694
1151 6.25457
1152 6.28411
1153 6.27367
1154 6.24537
1155 6.25866
1156 6.2657
1157 6.27577
1158 6.29158
1159 6.26253
1160 6.25365
1161 6.25636
1162 6.2608
1163 6.25829
1164 6.29454
1165 6.26737
1166 6.27405
1167 6.27216
1168 6.26287
1169 6.27458
1170 6.2557
1171 6.29396
1172 6.26289
1173 6.15893
1174 6.25789
1175 6.31742
1176 6.28694
1177 6.51797
1178 6.27134
1179 6.26545
1180 6.278
1181 6.30454
1182 6.27851
1183 6.28267
1184 6.25692
1185 6.26558
1186 6.26143
1187 6.2743
1188 6.28761
1189 6.2454
1190 6.27959
1191 6.25741
1192 6.26381
1193 6.25827
1194 6.25273
1195 6.27517
1196 6.25494
1197 6.26286
1198 6.25454
1199 6.28211
Avg time: 6.29205 ms
STDev: 0.0602361 ms
