0 2.42056
1 2.24083
2 2.24103
3 2.24246
4 2.24293
5 2.22524
6 2.24082
7 2.24258
8 2.241
9 2.24068
10 2.24232
11 2.2243
12 2.21445
13 2.27383
14 2.22887
15 2.24115
16 2.24086
17 2.24297
18 2.22265
19 2.24075
20 2.24247
21 2.22635
22 2.37114
23 2.22074
24 2.24101
25 2.16761
26 2.22961
27 2.24119
28 2.2405
29 2.22744
30 2.24144
31 2.27721
32 2.24295
33 2.24305
34 2.2407
35 2.16693
36 2.24067
37 2.24105
38 2.24254
39 2.21768
40 2.24095
41 2.24128
42 2.16673
43 2.18037
44 2.18019
45 2.24167
46 2.23413
47 2.24269
48 2.2227
49 2.24107
50 2.24299
51 2.21714
52 2.24077
53 2.2427
54 2.24246
55 2.24112
56 2.24273
57 2.22787
58 2.24077
59 2.27947
60 2.23701
61 2.24109
62 2.243
63 2.22547
64 2.21592
65 2.24072
66 2.24257
67 2.22665
68 2.22404
69 2.20181
70 2.16626
71 2.24241
72 2.24219
73 2.22361
74 2.2408
75 2.22848
76 2.24109
77 2.16716
78 2.24102
79 2.24188
80 2.24082
81 2.24218
82 2.22667
83 2.24267
84 2.17761
85 2.24309
86 2.2274
87 2.16636
88 2.24097
89 2.24271
90 2.24132
91 2.16684
92 2.16488
93 2.20175
94 2.24249
95 2.24303
96 2.22648
97 2.24109
98 2.16613
99 2.24069
100 2.24254
101 2.24226
102 2.21863
103 2.16458
104 2.24198
105 2.24136
106 2.28116
107 2.16485
108 2.24041
109 2.2423
110 2.16595
111 2.16608
112 2.16635
113 2.24025
114 2.24203
115 2.22329
116 2.24005
117 2.24224
118 2.22293
119 2.2403
120 2.24192
121 2.21689
122 2.24089
123 2.24216
124 2.21694
125 2.28085
126 2.24254
127 2.22402
128 2.2222
129 2.21598
130 2.24087
131 2.24021
132 2.24019
133 2.34798
134 2.33629
135 2.36766
136 2.2431
137 2.33553
138 2.36732
139 2.33551
140 2.20369
141 2.22551
142 2.2146
143 2.20389
144 2.16606
145 2.20362
146 2.16712
147 2.16769
148 2.16745
149 2.16722
150 2.16857
151 2.16859
152 2.16869
153 2.206
154 2.16994
155 2.16706
156 2.16744
157 2.16736
158 2.16736
159 2.1672
160 2.16874
161 2.16841
162 2.16825
163 2.16844
164 2.16828
165 2.17013
166 2.16974
167 2.17013
168 2.1704
169 2.16699
170 2.16737
171 2.16762
172 2.16742
173 2.16732
174 2.16481
175 2.17595
176 2.24254
177 2.2036
178 2.24105
179 2.24092
180 2.24264
181 2.16639
182 2.21772
183 2.21871
184 2.24128
185 2.16644
186 2.2413
187 2.24157
188 2.24081
189 2.24119
190 2.24268
191 2.17776
192 2.24104
193 2.24267
194 2.22668
195 2.22263
196 2.17637
197 2.24059
198 2.24144
199 2.24043
200 2.24116
201 2.24131
202 2.24144
203 2.22946
204 2.21721
205 2.20184
206 2.24047
207 2.24112
208 2.24232
209 2.22292
210 2.29035
211 2.24119
212 2.24254
213 2.2198
214 2.1642
215 2.24078
216 2.24335
217 2.22484
218 2.21612
219 2.24086
220 2.24275
221 2.24425
222 2.24293
223 2.243
224 2.26564
225 2.1646
226 2.24112
227 2.24096
228 2.24295
229 2.2257
230 2.17782
231 2.24174
232 2.2408
233 2.24129
234 2.2429
235 2.24306
236 2.22923
237 2.22941
238 2.21943
239 2.24037
240 2.20179
241 2.24034
242 2.24132
243 2.24062
244 2.24251
245 2.22173
246 2.24104
247 2.24145
248 2.16648
249 2.24148
250 2.22804
251 2.22187
252 2.17484
253 2.1642
254 2.24079
255 2.24108
256 2.24089
257 2.24279
258 2.2208
259 2.24086
260 2.24068
261 2.24061
262 2.24273
263 2.16774
264 2.22832
265 2.22634
266 2.16681
267 2.20388
268 2.24122
269 2.20216
270 2.24147
271 2.24086
272 2.21525
273 2.2184
274 2.24141
275 2.24114
276 2.16666
277 2.24111
278 2.2428
279 2.30814
280 2.24107
281 2.27788
282 2.24077
283 2.24275
284 2.24231
285 2.24272
286 2.22626
287 2.219
288 2.24092
289 2.24123
290 2.24273
291 2.24276
292 2.216
293 2.24151
294 2.24112
295 2.2411
296 2.2425
297 2.24336
298 2.22749
299 2.18187
300 2.24142
301 2.24141
302 2.24095
303 2.24299
304 2.24263
305 2.18112
306 2.20231
307 2.24092
308 2.24125
309 2.24324
310 2.24253
311 2.22947
312 2.24075
313 2.22284
314 2.28233
315 2.24099
316 2.2413
317 2.16621
318 2.24105
319 2.24089
320 2.24143
321 2.24324
322 2.21786
323 2.24174
324 2.24107
325 2.24365
326 2.24229
327 2.22919
328 2.18591
329 2.24078
330 2.2413
331 2.24101
332 2.24243
333 2.25786
334 2.21942
335 2.24113
336 2.24119
337 2.16637
338 2.24097
339 2.27788
340 2.21852
341 2.24138
342 2.24101
343 2.24244
344 2.18423
345 2.18138
346 2.1782
347 2.1776
348 2.24128
349 2.24122
350 2.24252
351 2.22549
352 2.2136
353 2.24085
354 2.24142
355 2.24085
356 2.24262
357 2.24264
358 2.22309
359 2.17766
360 2.24324
361 2.24092
362 2.24261
363 2.19185
364 2.24199
365 2.24124
366 2.24081
367 2.22619
368 2.24125
369 2.24078
370 2.24103
371 2.24081
372 2.22499
373 2.22156
374 2.21877
375 2.24082
376 2.24293
377 2.21736
378 2.24127
379 2.24079
380 2.24064
381 2.24263
382 2.21863
383 2.24072
384 2.24092
385 2.28008
386 2.2252
387 2.24165
388 2.16588
389 2.24285
390 2.24256
391 2.24324
392 2.22764
393 2.21886
394 2.2416
395 2.22652
396 2.22925
397 2.21876
398 2.24122
399 2.20399
400 2.24096
401 2.24096
402 2.24249
403 2.22196
404 2.24117
405 2.22994
406 2.22896
407 2.2264
408 2.2179
409 2.24212
410 2.24295
411 2.24278
412 2.16672
413 2.18092
414 2.17982
415 2.24088
416 2.24145
417 2.24146
418 2.24272
419 2.21928
420 2.2409
421 2.24115
422 2.24105
423 2.2428
424 2.24269
425 2.16668
426 2.21863
427 2.22067
428 2.24125
429 2.24278
430 2.22254
431 2.21837
432 2.24127
433 2.24093
434 2.24128
435 2.24102
436 2.24893
437 2.26503
438 2.24274
439 2.22346
440 2.22148
441 2.21983
442 2.2411
443 2.24133
444 2.24101
445 2.24106
446 2.24072
447 2.24084
448 2.24071
449 2.24139
450 2.24255
451 2.24341
452 2.24252
453 2.2429
454 2.24258
455 2.22725
456 2.21767
457 2.24079
458 2.22767
459 2.21854
460 2.24134
461 2.24286
462 2.24278
463 2.22548
464 2.16707
465 2.24119
466 2.24079
467 2.24301
468 2.16703
469 2.22349
470 2.2409
471 2.24054
472 2.16448
473 2.24246
474 2.22335
475 2.24113
476 2.24097
477 2.24268
478 2.45153
479 2.20121
480 2.24321
481 2.24228
482 2.22846
483 2.22538
484 2.26477
485 2.24236
486 2.24232
487 2.22835
488 2.22131
489 2.17856
490 2.16475
491 2.24049
492 2.24269
493 2.22902
494 2.21787
495 2.24103
496 2.24057
497 2.24095
498 2.24253
499 2.2257
500 2.24059
501 2.24084
502 2.24107
503 2.26035
504 2.22883
505 2.22228
506 2.22483
507 2.17548
508 2.27355
509 2.24171
510 2.24063
511 2.24199
512 2.24267
513 2.24206
514 2.21795
515 2.17647
516 2.24194
517 2.24097
518 2.24089
519 2.24236
520 2.22708
521 2.22355
522 2.24077
523 2.24088
524 2.24118
525 2.24254
526 2.24235
527 2.24277
528 2.16459
529 2.24042
530 2.17507
531 2.2408
532 2.23868
533 2.24298
534 2.22768
535 2.22255
536 2.21922
537 2.17556
538 2.24052
539 2.24108
540 2.24096
541 2.24085
542 2.24247
543 2.24211
544 2.22206
545 2.16638
546 2.22574
547 2.16475
548 2.24057
549 2.24315
550 2.24206
551 2.17821
552 2.24084
553 2.24049
554 2.24227
555 2.1664
556 2.21984
557 2.17748
558 2.2407
559 2.24018
560 2.24168
561 2.16688
562 2.24163
563 2.22277
564 2.1786
565 2.17607
566 2.24019
567 2.24009
568 2.2428
569 2.22292
570 2.24042
571 2.24016
572 2.23978
573 2.242
574 2.24194
575 2.22366
576 2.2411
577 2.24077
578 2.2401
579 2.27426
580 2.22565
581 2.22433
582 2.22378
583 2.16444
584 2.24044
585 2.24209
586 2.24283
587 2.21865
588 2.2403
589 2.24029
590 2.24212
591 2.16641
592 2.2196
593 2.24046
594 2.24086
595 2.23989
596 2.22237
597 2.24006
598 2.24218
599 2.24228
600 2.22472
601 2.2399
602 2.23992
603 2.24029
604 2.23996
605 2.24207
606 2.22317
607 2.2544
608 2.24073
609 2.24025
610 2.16605
611 2.16672
612 2.24052
613 2.24178
614 2.24222
615 2.22373
616 2.24009
617 2.24091
618 2.16483
619 2.1676
620 2.16704
621 2.16704
622 2.16713
623 2.16757
624 2.16996
625 2.16733
626 2.16979
627 2.17744
628 2.24054
629 2.24021
630 2.24173
631 2.24201
632 2.22731
633 2.22388
634 2.2246
635 2.16472
636 2.24225
637 2.24263
638 2.24293
639 2.22572
640 2.22011
641 2.21789
642 2.24048
643 2.24052
644 2.24059
645 2.24008
646 2.22389
647 2.24045
648 2.24121
649 2.24029
650 2.26908
651 2.22513
652 2.23979
653 2.24024
654 2.24105
655 2.24018
656 2.16621
657 2.22493
658 2.22132
659 2.21754
660 2.24036
661 2.23996
662 2.24184
663 2.16678
664 2.32066
665 2.33434
666 2.36548
667 2.24068
668 2.33434
669 2.36576
670 2.3654
671 2.34736
672 2.3341
673 2.35191
674 2.24096
675 2.3342
676 2.34592
677 2.33502
678 2.31326
679 2.30266
680 2.36576
681 2.34911
682 2.33432
683 2.33407
684 2.36554
685 2.35022
686 2.36589
687 2.34635
688 2.33384
689 2.33414
690 2.36538
691 2.35135
692 2.33414
693 2.21716
694 2.16618
695 2.23968
696 2.23959
697 2.23955
698 2.24117
699 2.1658
700 2.24117
701 2.22659
702 2.16356
703 2.24074
704 2.23977
705 2.24015
706 2.23961
707 2.23968
708 2.24134
709 2.22655
710 2.17629
711 2.20137
712 2.23978
713 2.24008
714 2.23959
715 2.24096
716 2.24159
717 2.24105
718 2.24186
719 2.17888
720 2.17663
721 2.16346
722 2.17714
723 2.24018
724 2.24058
725 2.24188
726 2.2413
727 2.24159
728 2.22264
729 2.17634
730 2.24156
731 2.24011
732 2.24011
733 2.23992
734 2.24157
735 2.16522
736 2.24176
737 2.22099
738 2.21564
739 2.2405
740 2.24193
741 2.22372
742 2.2172
743 2.24009
744 2.23969
745 2.24147
746 2.22173
747 2.2399
748 2.26188
749 2.20064
750 2.2397
751 2.2397
752 2.23986
753 2.27541
754 2.22735
755 2.21724
756 2.16357
757 2.23676
758 2.23948
759 2.23993
760 2.24176
761 2.23942
762 2.20232
763 2.24005
764 2.23955
765 2.24147
766 2.22113
767 2.23856
768 2.24001
769 2.23984
770 2.23978
771 2.16524
772 2.20241
773 2.24124
774 2.22057
775 2.17878
776 2.21448
777 2.24077
778 2.24028
779 2.24012
780 2.25656
781 2.23996
782 2.24129
783 2.24006
784 2.24011
785 2.24005
786 2.26501
787 2.24199
788 2.21975
789 2.23998
790 2.23982
791 2.24021
792 2.24133
793 2.24163
794 2.24101
795 2.16447
796 2.24026
797 2.24135
798 2.2229
799 2.23966
800 2.23961
801 2.23963
802 2.24004
803 2.24325
804 2.16653
805 2.22414
806 2.16342
807 2.16381
808 2.24002
809 2.24011
810 2.23951
811 2.35261
812 2.36744
813 2.34707
814 2.30374
815 2.33584
816 2.34768
817 2.36812
818 2.2434
819 2.35132
820 2.33589
821 2.36768
822 2.34652
823 2.33624
824 2.3677
825 2.35091
826 2.33583
827 2.36737
828 2.34818
829 2.33575
830 2.367
831 2.34841
832 2.33604
833 2.36713
834 2.34881
835 2.30373
836 2.36774
837 2.35272
838 2.33566
839 2.34703
840 2.35273
841 2.17978
842 2.33562
843 2.36799
844 2.33618
845 2.36743
846 2.33586
847 2.35294
848 2.3354
849 2.36749
850 2.34852
851 2.36736
852 2.3358
853 2.33553
854 2.33506
855 2.34631
856 2.3359
857 2.36721
858 2.33563
859 2.38672
860 2.34751
861 2.36731
862 2.33557
863 2.36748
864 2.34934
865 2.33595
866 2.24113
867 2.36765
868 2.35156
869 2.3669
870 2.33577
871 2.36725
872 2.3352
873 2.24115
874 2.346
875 2.30388
876 2.36806
877 2.33549
878 2.36751
879 2.3527
880 2.3034
881 2.33529
882 2.36679
883 2.36485
884 2.33561
885 2.36757
886 2.3356
887 2.33549
888 2.33608
889 2.36757
890 2.35237
891 2.33517
892 2.3033
893 2.35353
894 2.36768
895 2.33553
896 2.36707
897 2.34789
898 2.41622
899 2.33552
900 2.30388
901 2.36896
902 2.3533
903 2.33541
904 2.30409
905 2.36741
906 2.35068
907 2.33518
908 2.3673
909 2.30299
910 2.30337
911 2.34925
912 2.36767
913 2.33621
914 2.36734
915 2.33504
916 2.33557
917 2.36742
918 2.35292
919 2.33521
920 2.3671
921 2.35257
922 2.36732
923 2.16546
924 2.24077
925 2.22755
926 2.24056
927 2.27822
928 2.24246
929 2.22003
930 2.22084
931 2.19423
932 2.24061
933 2.24123
934 2.16768
935 2.16628
936 2.24243
937 2.22903
938 2.17664
939 2.24141
940 2.24269
941 2.1748
942 2.24054
943 2.24109
944 2.24084
945 2.24291
946 2.24282
947 2.22703
948 2.21706
949 2.24109
950 2.24117
951 2.24219
952 2.24217
953 2.22516
954 2.22578
955 2.16658
956 2.24251
957 2.24279
958 2.22876
959 2.22991
960 2.22877
961 2.22327
962 2.22222
963 2.24109
964 2.24188
965 2.24134
966 2.24084
967 2.24096
968 2.24316
969 2.2202
970 2.24127
971 2.24145
972 2.24131
973 2.24085
974 2.24104
975 2.24088
976 2.2412
977 2.24271
978 2.24324
979 2.22492
980 2.24135
981 2.20257
982 2.24084
983 2.24068
984 2.24263
985 2.24276
986 2.24251
987 2.24255
988 2.24259
989 2.22413
990 2.21814
991 2.24113
992 2.24125
993 2.16629
994 2.24055
995 2.24075
996 2.24308
997 2.2425
998 2.21567
999 2.21665
1000 2.22132
1001 2.21892
1002 2.24096
1003 2.24135
1004 2.24088
1005 2.24387
1006 2.24287
1007 2.22923
1008 2.22438
1009 2.22303
1010 2.24075
1011 2.24164
1012 2.24357
1013 2.24228
1014 2.17713
1015 2.21895
1016 2.24155
1017 2.27578
1018 2.24291
1019 2.2237
1020 2.20339
1021 2.241
1022 2.24106
1023 2.24291
1024 2.24289
1025 2.2427
1026 2.22854
1027 2.18089
1028 2.24151
1029 2.24104
1030 2.24129
1031 2.24287
1032 2.24259
1033 2.21704
1034 2.1667
1035 2.24055
1036 2.27755
1037 2.24071
1038 2.24257
1039 2.24243
1040 2.24269
1041 2.21675
1042 2.24096
1043 2.24107
1044 2.24255
1045 2.22547
1046 2.16458
1047 2.21962
1048 2.22676
1049 2.30381
1050 2.37365
1051 2.17657
1052 2.24152
1053 2.35401
1054 2.33599
1055 2.31836
1056 2.36798
1057 2.35196
1058 2.2414
1059 2.36551
1060 2.36784
1061 2.35187
1062 2.3356
1063 2.36754
1064 2.30412
1065 2.35066
1066 2.21566
1067 2.36784
1068 2.33564
1069 2.36754
1070 2.33798
1071 2.33511
1072 2.36749
1073 2.33511
1074 2.30373
1075 2.36663
1076 2.30316
1077 2.63249
1078 2.22704
1079 2.22656
1080 2.2205
1081 2.25829
1082 2.24067
1083 2.2403
1084 2.20093
1085 2.22923
1086 2.21776
1087 2.24022
1088 2.24007
1089 2.24203
1090 2.22781
1091 2.25109
1092 2.18081
1093 2.21899
1094 2.16613
1095 2.17787
1096 2.24014
1097 2.24012
1098 2.24188
1099 2.24231
1100 2.26437
1101 2.16699
1102 2.30282
1103 2.2458
1104 2.33429
1105 2.34843
1106 2.35124
1107 2.36611
1108 2.33475
1109 2.30259
1110 2.38161
1111 2.24017
1112 2.23976
1113 2.20107
1114 2.23986
1115 2.24126
1116 2.24141
1117 2.2262
1118 2.17435
1119 2.23979
1120 2.2396
1121 2.23965
1122 2.24118
1123 2.2224
1124 2.17767
1125 2.22508
1126 2.17605
1127 2.24011
1128 2.24007
1129 2.24166
1130 2.24128
1131 2.22452
1132 2.22119
1133 2.22065
1134 2.21896
1135 2.22155
1136 2.22434
1137 2.22563
1138 2.24415
1139 2.24163
1140 2.24236
1141 2.24117
1142 2.24153
1143 2.24126
1144 2.2412
1145 2.2416
1146 2.22667
1147 2.26086
1148 2.24007
1149 2.23988
1150 2.23992
1151 2.2413
1152 2.22291
1153 2.16335
1154 2.24009
1155 2.24
1156 2.23972
1157 2.24113
1158 2.17563
1159 2.23994
1160 2.23973
1161 2.16677
1162 2.16672
1163 2.24148
1164 2.16669
1165 2.228
1166 2.21824
1167 2.16528
1168 2.2396
1169 2.23932
1170 2.2411
1171 2.22518
1172 2.20092
1173 2.24161
1174 2.24133
1175 2.24128
1176 2.24156
1177 2.2227
1178 2.23964
1179 2.23995
1180 2.24003
1181 2.25394
1182 2.24032
1183 2.23959
1184 2.1651
1185 2.23951
1186 2.20373
1187 2.24154
1188 2.24119
1189 2.24151
1190 2.2232
1191 2.24039
1192 2.23994
1193 2.23982
1194 2.16518
1195 2.23955
1196 2.24153
1197 2.24158
1198 2.22279
1199 2.23956
Avg time: 2.24463 ms
STDev: 0.0322748 ms
