0 46.3113
1 21.3095
2 21.1712
3 21.2601
4 23.1765
5 22.9667
6 22.8684
7 22.8724
8 22.406
9 22.5239
10 22.7076
11 22.6438
12 22.721
13 22.8583
14 22.6691
15 22.7096
16 22.6016
17 22.9851
18 22.6384
19 22.7251
20 22.6596
21 22.5042
22 22.6081
23 22.6817
24 22.922
25 22.9672
26 23.052
27 23.0914
28 22.8745
29 22.9278
30 22.7427
31 23.1082
32 22.8968
33 22.936
34 22.8402
35 22.7476
36 22.9458
37 22.9253
38 22.7885
39 22.8091
40 23.0396
41 23.031
42 23.135
43 22.8593
44 23.1975
45 22.9908
46 22.8642
47 23.0259
48 22.8418
49 23.1842
50 22.9343
51 22.9483
52 22.8359
53 23.1906
54 22.9348
55 22.9223
56 23.0051
57 23.0376
58 22.9987
59 22.9094
60 22.9844
61 22.8919
62 23.0578
63 22.8967
64 22.9653
65 22.6818
66 22.842
67 23.0921
68 22.5549
69 22.5778
70 22.6454
71 22.6406
72 22.7874
73 23.0016
74 22.7082
75 22.8305
76 22.769
77 22.8103
78 29.4998
79 22.5642
80 22.5284
81 22.8785
82 22.6738
83 23.0404
84 22.8556
85 22.7785
86 23.0551
87 22.515
88 23.081
89 23.1813
90 22.8623
91 23.0358
92 23.1803
93 22.8929
94 22.9593
95 22.8495
96 23.183
97 22.789
98 22.5511
99 22.9414
100 22.6578
101 22.7277
102 22.7037
103 22.8342
104 22.6608
105 22.6558
106 22.5838
107 22.4675
108 22.7506
109 22.7645
110 22.6165
111 22.8731
112 22.8867
113 22.7385
114 22.8153
115 23.0155
116 22.6993
117 22.9472
118 23.1322
119 23.0458
120 30.6802
121 22.7716
122 22.7083
123 22.9795
124 22.7165
125 22.9943
126 22.7029
127 22.8012
128 22.8367
129 22.8105
130 22.8752
131 22.7599
132 22.943
133 23.0074
134 23.0018
135 23.0214
136 22.9904
137 23.0396
138 22.8316
139 22.8761
140 22.9412
141 22.7611
142 22.9404
143 23.048
144 22.8969
145 22.7204
146 22.7399
147 22.9455
148 22.6078
149 22.5892
150 22.8073
151 22.7826
152 22.5774
153 22.7399
154 22.5919
155 22.4131
156 22.7294
157 22.7501
158 22.9746
159 22.9253
160 22.834
161 22.9907
162 22.8245
163 23.1939
164 23.0576
165 22.9793
166 22.8282
167 22.7869
168 23.0137
169 23.1625
170 22.7826
171 23.0757
172 23.3903
173 22.801
174 22.7459
175 23.1595
176 23.0597
177 23.129
178 22.7513
179 23.165
180 23.2508
181 23.0612
182 22.9986
183 22.996
184 22.7467
185 23.1365
186 42.3003
187 22.9321
188 35.5717
189 22.8291
190 22.7964
191 22.7274
192 22.8758
193 22.6785
194 22.844
195 23.0111
196 22.9154
197 22.8307
198 22.9269
199 22.9681
200 22.5784
201 22.8944
202 22.6073
203 25.1482
204 22.7492
205 22.7975
206 22.8689
207 22.901
208 22.9856
209 22.7029
210 22.8691
211 22.8913
212 22.7574
213 22.8558
214 22.8197
215 22.7643
216 22.9669
217 22.9809
218 22.546
219 22.7831
220 22.761
221 22.7543
222 23.2379
223 22.9775
224 22.6577
225 22.6605
226 22.7022
227 22.744
228 22.72
229 22.5947
230 22.7837
231 22.8379
232 22.7665
233 22.729
234 22.9618
235 22.7954
236 22.8328
237 22.7989
238 22.8144
239 22.8241
240 22.4699
241 29.016
242 22.8891
243 22.6981
244 22.7309
245 22.7626
246 22.8395
247 22.592
248 22.7905
249 22.8459
250 22.8333
251 22.756
252 22.7253
253 22.7329
254 22.9941
255 22.8806
256 22.8685
257 22.7271
258 22.7425
259 22.8794
260 22.938
261 22.9739
262 22.8633
263 23.1376
264 22.7833
265 22.798
266 22.9742
267 22.9042
268 23.0986
269 22.8882
270 23.1025
271 22.7061
272 22.9044
273 23.0115
274 31.0366
275 23.2421
276 22.9072
277 22.6901
278 22.7354
279 23.3016
280 22.9201
281 34.4156
282 22.9872
283 22.8407
284 22.5788
285 22.9198
286 23.0705
287 22.6274
288 22.888
289 22.6935
290 22.7489
291 23.0006
292 23.06
293 22.6775
294 22.8308
295 22.8064
296 22.7212
297 22.6542
298 22.6727
299 22.7458
300 22.8239
301 22.6601
302 22.7396
303 22.958
304 22.8286
305 22.9869
306 22.7942
307 22.9217
308 23.0022
309 34.8625
310 22.9175
311 22.7948
312 22.8816
313 22.8328
314 22.9556
315 22.7211
316 22.971
317 22.7327
318 22.7406
319 22.9874
320 22.8098
321 23.0614
322 22.8608
323 22.8834
324 22.9906
325 22.8193
326 22.9251
327 23.2683
328 38.1279
329 31.4689
330 22.8229
331 31.9707
332 22.9257
333 23.0216
334 23.1165
335 22.7853
336 22.7835
337 23.0015
338 22.8413
339 23.4673
340 22.9437
341 22.6259
342 34.2246
343 22.896
344 37.753
345 22.9478
346 22.9743
347 22.7951
348 22.7116
349 22.9513
350 23.0931
351 24.0448
352 23.2009
353 22.8023
354 28.8949
355 22.8936
356 22.9331
357 23.0341
358 22.8333
359 22.9062
360 26.7855
361 22.9071
362 22.9881
363 22.9433
364 23.2156
365 22.7244
366 38.5539
367 22.6296
368 22.7388
369 23.0564
370 22.9605
371 22.8855
372 29.7992
373 22.7102
374 22.7891
375 23.2792
376 22.9909
377 23.1876
378 37.0069
379 30.8351
380 22.9153
381 36.9205
382 22.7847
383 22.9706
384 27.5506
385 23.0456
386 22.7013
387 23.1589
388 23.0542
389 22.8166
390 22.8761
391 22.9819
392 34.6069
393 22.8736
394 22.65
395 23.1614
396 22.639
397 35.8321
398 23.0434
399 32.4669
400 23.01
401 22.6987
402 23.2106
403 23.1171
404 22.7603
405 22.8056
406 22.8651
407 22.9347
408 22.9551
409 22.9226
410 22.8838
411 22.7031
412 22.8603
413 22.7417
414 22.9009
415 22.8047
416 22.7412
417 22.7877
418 22.9495
419 31.3038
420 22.7606
421 22.6548
422 34.2985
423 22.7803
424 22.8091
425 22.9136
426 22.7983
427 22.9084
428 22.9495
429 22.7087
430 22.8733
431 22.8555
432 22.7569
433 23.1357
434 22.7599
435 22.968
436 22.8595
437 22.9023
438 22.7991
439 22.7616
440 33.637
441 22.6617
442 22.8941
443 22.8557
444 22.9143
445 22.8926
446 22.884
447 22.8599
448 22.7798
449 38.5655
450 22.867
451 22.8588
452 23.0329
453 22.854
454 22.8671
455 22.8842
456 22.78
457 23.1075
458 28.8288
459 22.7244
460 22.8532
461 22.8518
462 23.1305
463 22.8934
464 23.3201
465 22.723
466 22.787
467 25.8312
468 22.8553
469 30.8009
470 22.6131
471 22.9389
472 22.8145
473 22.829
474 22.6819
475 22.8893
476 22.8365
477 22.9915
478 22.8536
479 28.4783
480 22.912
481 22.714
482 23.1415
483 22.7136
484 22.8031
485 22.9405
486 22.6647
487 22.9591
488 35.377
489 22.9218
490 22.7264
491 32.655
492 22.8799
493 22.9218
494 23.3266
495 22.8502
496 22.7293
497 22.934
498 22.7325
499 23.0669
500 22.6754
501 22.897
502 23.0436
503 22.8908
504 22.9326
505 23.0667
506 22.7929
507 22.8289
508 22.82
509 22.9029
510 22.8455
511 22.8506
512 23.0497
513 23.0938
514 22.9453
515 23.0179
516 22.5849
517 22.9536
518 22.755
519 22.9887
520 23.0386
521 35.329
522 22.8327
523 22.7706
524 22.8998
525 22.5303
526 35.7081
527 22.7672
528 34.7773
529 24.2721
530 23.6243
531 23.1539
532 23.0401
533 22.5973
534 22.9116
535 22.8777
536 22.7335
537 22.6946
538 22.9613
539 22.6774
540 22.6947
541 23.0879
542 22.8002
543 22.7928
544 22.986
545 22.786
546 22.6543
547 22.9567
548 22.7075
549 22.6288
550 22.8839
551 22.9143
552 22.7035
553 23.0204
554 22.7948
555 22.9413
556 37.4435
557 22.7636
558 22.7014
559 22.851
560 22.8902
561 22.925
562 23.4791
563 22.8463
564 22.9856
565 23.1595
566 22.8327
567 22.9967
568 22.8782
569 34.7742
570 22.8777
571 22.8722
572 33.5684
573 22.8241
574 22.8724
575 22.9758
576 22.8569
577 38.8298
578 23.6847
579 23.4852
580 24.072
581 23.9647
582 24.2719
583 24.0338
584 36.5008
585 24.1955
586 39.1798
587 24.1548
588 24.2081
589 36.1712
590 24.1028
591 24.1483
592 27.8991
593 24.3633
594 24.2513
595 24.6309
596 24.0876
597 24.0343
598 35.73
599 23.8018
600 24.0822
601 31.5706
602 22.7721
603 23.0171
604 37.9043
605 42.0887
606 22.8718
607 22.9883
608 22.9035
609 22.8744
610 22.5885
611 29.7614
612 22.8329
613 22.6956
614 31.3528
615 22.7077
616 23.0255
617 36.8021
618 22.8476
619 22.8234
620 29.0708
621 22.5399
622 22.76
623 22.927
624 22.829
625 26.7774
626 35.0238
627 22.9448
628 22.8703
629 36.2765
630 22.9893
631 22.7315
632 22.7204
633 22.9421
634 22.8635
635 22.7193
636 22.71
637 22.6298
638 22.8998
639 22.7351
640 22.7202
641 22.9254
642 22.8766
643 22.8417
644 22.6665
645 22.757
646 22.983
647 46.3249
648 22.9116
649 22.6879
650 22.7869
651 22.7715
652 22.9462
653 22.528
654 22.9137
655 22.6983
656 22.7153
657 22.9418
658 22.5869
659 23.1587
660 22.9039
661 22.6853
662 22.8615
663 22.8443
664 22.7914
665 22.8994
666 22.706
667 23.0277
668 22.5821
669 22.8356
670 23.1639
671 23.1458
672 23.0121
673 22.892
674 22.9623
675 22.8353
676 22.8544
677 22.8203
678 23.1241
679 22.7017
680 22.8044
681 23.1379
682 22.7536
683 23.0151
684 23.1274
685 22.9689
686 22.9981
687 22.8882
688 23.1513
689 23.2144
690 22.9652
691 22.7865
692 23.1637
693 23.2498
694 22.8987
695 22.8472
696 22.8444
697 22.9252
698 28.0607
699 22.8791
700 22.9397
701 22.5638
702 23.0577
703 23.0116
704 22.927
705 22.8884
706 32.4807
707 23.0144
708 22.8579
709 23.0313
710 22.7355
711 30.2978
712 22.7725
713 22.9262
714 22.896
715 22.8159
716 22.9589
717 22.7597
718 22.8553
719 22.7341
720 22.976
721 23.0174
722 22.6016
723 23.0022
724 32.5866
725 22.7775
726 22.7965
727 22.822
728 22.8701
729 22.7747
730 22.78
731 22.8985
732 23.1408
733 22.9901
734 22.7643
735 22.8038
736 22.8653
737 22.8592
738 22.9888
739 52.7095
740 22.8243
741 22.9869
742 23.0648
743 23.2041
744 22.684
745 23.0686
746 22.8932
747 22.8207
748 22.9576
749 23.0667
750 22.852
751 22.8933
752 22.9098
753 22.6524
754 22.8261
755 22.7631
756 22.745
757 22.6234
758 22.8299
759 22.7425
760 22.7241
761 22.6989
762 23.185
763 22.5936
764 22.8403
765 22.7831
766 33.4138
767 22.9318
768 22.8438
769 23.0431
770 22.4823
771 22.8747
772 22.9089
773 23.3012
774 22.8395
775 22.9269
776 22.983
777 22.7491
778 22.7629
779 22.856
780 22.9334
781 22.7677
782 22.5929
783 22.9058
784 22.7591
785 22.8067
786 22.7891
787 22.9378
788 23.1847
789 22.7895
790 22.8291
791 22.9572
792 22.9267
793 22.8308
794 22.7945
795 22.7733
796 23.0445
797 22.8498
798 22.7461
799 23.1006
800 23.0423
801 22.9493
802 22.6884
803 22.847
804 22.8413
805 22.7719
806 22.8066
807 22.8137
808 22.8682
809 22.9034
810 22.7784
811 22.7361
812 22.7565
813 22.8377
814 22.7523
815 22.7246
816 22.7181
817 22.8517
818 22.9508
819 23.0564
820 22.7536
821 22.9345
822 22.7042
823 23.042
824 23.0433
825 22.8315
826 35.5387
827 22.8648
828 22.664
829 22.79
830 22.87
831 23.2193
832 22.7566
833 22.8553
834 23.002
835 22.832
836 23.0292
837 22.6661
838 22.9147
839 22.67
840 22.62
841 22.7757
842 22.8239
843 22.6997
844 22.7923
845 22.7544
846 22.9028
847 22.7143
848 22.7475
849 22.8144
850 22.7433
851 39.3841
852 22.7601
853 22.7105
854 22.7688
855 22.7179
856 34.3796
857 23.0312
858 22.8037
859 22.8432
860 22.7662
861 22.8698
862 22.816
863 22.821
864 22.7535
865 22.9677
866 38.1198
867 22.6051
868 22.8548
869 22.8031
870 26.9449
871 22.7863
872 28.2423
873 22.6871
874 22.8747
875 37.1896
876 22.7569
877 23.0041
878 22.9183
879 22.5348
880 37.2633
881 22.6224
882 22.7997
883 22.9486
884 22.9491
885 22.99
886 22.9158
887 22.8828
888 22.8202
889 23.0521
890 22.705
891 22.7657
892 23.0943
893 22.9741
894 22.7031
895 23.0085
896 22.7916
897 22.7364
898 22.6677
899 22.7993
900 22.8867
901 22.7487
902 22.9351
903 22.8852
904 22.9508
905 22.7357
906 22.7489
907 22.8388
908 22.6642
909 22.7309
910 22.8923
911 22.8253
912 22.9224
913 22.8981
914 22.5612
915 23.0583
916 22.9107
917 22.9957
918 23.0578
919 22.8524
920 22.7782
921 22.9435
922 22.6918
923 30.6888
924 22.8604
925 22.8795
926 22.7267
927 22.8236
928 22.7076
929 23.0245
930 22.6619
931 22.9329
932 22.6405
933 22.8355
934 22.7558
935 22.7947
936 22.9905
937 22.6245
938 23.0803
939 22.931
940 22.7458
941 22.8835
942 22.9071
943 22.9395
944 22.678
945 22.7942
946 22.9095
947 23.1729
948 22.76
949 22.6642
950 22.8388
951 22.5556
952 22.7
953 22.8433
954 22.9009
955 22.6225
956 22.9341
957 22.819
958 22.7667
959 22.9307
960 23.0332
961 22.9368
962 22.9054
963 22.8048
964 22.8535
965 22.7024
966 22.7751
967 22.811
968 22.9305
969 22.7492
970 22.838
971 22.6747
972 23.0094
973 22.8072
974 23.255
975 22.642
976 22.7978
977 22.7908
978 22.8151
979 23.0111
980 22.752
981 22.9749
982 22.8182
983 22.6611
984 22.8277
985 22.5448
986 22.7079
987 22.851
988 23.1749
989 22.7552
990 22.6732
991 22.9278
992 22.712
993 22.8143
994 22.7476
995 22.6371
996 22.7958
997 22.8839
998 22.8295
999 22.7808
1000 22.9033
1001 22.7043
1002 22.7396
1003 22.8813
1004 22.7029
1005 22.801
1006 22.8441
1007 23.067
1008 22.8101
1009 22.7285
1010 22.8176
1011 22.8851
1012 22.9251
1013 22.9533
1014 22.8695
1015 22.8666
1016 33.229
1017 22.7793
1018 22.9483
1019 22.7378
1020 22.8353
1021 22.8721
1022 22.7779
1023 22.8565
1024 22.8096
1025 22.6367
1026 23.0145
1027 23.019
1028 22.6157
1029 22.7717
1030 22.8827
1031 22.8233
1032 22.7136
1033 22.9199
1034 22.6616
1035 23.0069
1036 23.0174
1037 22.8604
1038 22.9838
1039 22.8046
1040 23.2212
1041 22.653
1042 22.6637
1043 23.1926
1044 22.8682
1045 22.9624
1046 41.3857
1047 22.758
1048 23.0288
1049 22.9236
1050 22.6403
1051 22.9178
1052 22.9399
1053 22.8065
1054 22.7919
1055 22.8085
1056 22.8323
1057 22.8641
1058 34.1457
1059 22.8192
1060 22.9615
1061 22.9187
1062 22.8246
1063 22.6945
1064 22.6496
1065 22.7335
1066 22.7321
1067 22.7359
1068 22.685
1069 22.7038
1070 22.875
1071 22.8339
1072 22.9585
1073 22.509
1074 22.759
1075 22.9193
1076 22.9745
1077 36.2446
1078 22.6534
1079 23.0852
1080 22.8084
1081 22.7387
1082 22.8582
1083 22.5189
1084 22.6571
1085 22.6254
1086 22.664
1087 22.7685
1088 22.8094
1089 22.7134
1090 22.6978
1091 22.8271
1092 22.6422
1093 22.9693
1094 22.8797
1095 22.8339
1096 22.8823
1097 22.856
1098 22.8392
1099 22.917
1100 22.737
1101 22.8914
1102 22.8826
1103 22.7977
1104 36.7034
1105 22.8665
1106 22.9062
1107 23.0571
1108 22.8041
1109 22.9065
1110 23.0157
1111 22.8009
1112 22.6738
1113 22.9192
1114 22.8697
1115 22.7179
1116 22.7875
1117 22.8322
1118 22.9412
1119 22.7201
1120 22.8811
1121 22.9495
1122 41.0495
1123 22.895
1124 22.8793
1125 22.7241
1126 22.7516
1127 22.8258
1128 22.8151
1129 22.8288
1130 22.8175
1131 22.8734
1132 22.9764
1133 22.9871
1134 22.7625
1135 22.8808
1136 22.8541
1137 22.8907
1138 22.7408
1139 22.8081
1140 22.6991
1141 22.9035
1142 22.9163
1143 22.8676
1144 22.765
1145 22.8392
1146 22.8606
1147 22.7123
1148 22.9534
1149 22.7257
1150 22.9831
1151 22.8479
1152 22.9667
1153 22.9219
1154 22.9643
1155 22.9464
1156 22.8431
1157 22.7319
1158 22.7922
1159 22.7941
1160 22.9004
1161 22.7886
1162 22.7783
1163 22.8114
1164 22.8261
1165 22.6939
1166 22.8501
1167 22.8401
1168 22.6902
1169 30.7343
1170 22.7864
1171 23.1173
1172 22.9346
1173 22.7308
1174 22.8056
1175 22.8791
1176 22.6034
1177 23.0969
1178 22.9914
1179 22.8784
1180 22.8574
1181 22.8289
1182 22.7028
1183 22.6855
1184 22.8632
1185 22.8861
1186 22.7056
1187 22.8096
1188 23.0372
1189 22.8786
1190 22.8219
1191 22.6615
1192 22.6471
1193 25.5372
1194 22.9786
1195 22.7895
1196 22.9478
1197 22.796
1198 22.8318
1199 22.7751
Avg time: 23.641 ms
STDev: 1.44546 ms
