0 25.2989
1 0.70605
2 0.577179
3 0.631245
4 2.54905
5 2.17193
6 2.14872
7 2.18719
8 2.17859
9 2.17044
10 2.15779
11 2.19617
12 2.18287
13 2.20025
14 2.20281
15 2.18866
16 2.16667
17 2.20691
18 2.20628
19 2.18962
20 2.1705
21 2.21079
22 2.21327
23 2.19577
24 2.21274
25 2.21352
26 2.2
27 2.17911
28 2.21764
29 2.20475
30 2.18028
31 2.18103
32 2.21652
33 2.19982
34 2.17898
35 2.21373
36 2.21705
37 2.17857
38 2.2121
39 2.21477
40 2.20008
41 2.21526
42 2.21511
43 2.23979
44 2.18332
45 2.17765
46 2.21895
47 2.2379
48 2.18169
49 2.215
50 2.20357
51 2.19808
52 2.18385
53 2.22012
54 2.20918
55 2.18891
56 2.22672
57 2.21514
58 2.196
59 2.23651
60 2.22064
61 2.19922
62 2.23852
63 2.23137
64 2.20726
65 2.24416
66 2.24918
67 2.24348
68 2.25122
69 2.24495
70 2.22743
71 2.25288
72 2.24692
73 2.23332
74 2.21257
75 2.25866
76 2.24211
77 2.22936
78 2.22303
79 2.26221
80 2.24593
81 2.2205
82 2.25637
83 2.25524
84 2.25334
85 2.23158
86 2.29826
87 2.3197
88 2.45272
89 2.53032
90 2.42326
91 2.42604
92 2.42621
93 2.4247
94 2.46202
95 2.44203
96 2.43862
97 2.43734
98 2.4436
99 2.44195
100 2.43713
101 2.43371
102 2.43273
103 2.43432
104 2.43729
105 2.43464
106 2.43951
107 2.43766
108 2.44151
109 2.43593
110 2.44083
111 2.44479
112 2.44428
113 2.44143
114 2.4412
115 2.44004
116 2.44192
117 2.44223
118 2.44493
119 2.44014
120 2.30066
121 2.2913
122 2.31248
123 2.30436
124 2.30374
125 2.30681
126 2.2843
127 2.31039
128 2.31072
129 2.34846
130 2.33245
131 2.31489
132 2.27469
133 2.31488
134 2.31458
135 2.31277
136 2.3168
137 2.30782
138 2.3234
139 2.313
140 2.31756
141 2.32231
142 2.32246
143 2.31666
144 2.31908
145 2.32588
146 2.32043
147 2.33098
148 2.28071
149 2.28157
150 2.27787
151 2.27537
152 2.28488
153 2.28393
154 2.28471
155 2.2594
156 2.3046
157 2.34337
158 2.28847
159 2.26304
160 2.31714
161 2.24845
162 2.26685
163 2.24536
164 2.28172
165 2.24822
166 2.24791
167 2.30201
168 2.24651
169 2.33666
170 2.25385
171 2.3074
172 2.25536
173 2.30269
174 2.25027
175 2.27987
176 2.26373
177 2.28181
178 2.38317
179 2.29837
180 2.25692
181 2.31441
182 2.25963
183 2.25234
184 2.26582
185 2.24964
186 2.22808
187 2.26495
188 2.24213
189 2.26375
190 2.26772
191 2.24627
192 2.29712
193 2.22601
194 2.31464
195 2.24993
196 2.26147
197 2.27781
198 2.24051
199 2.23991
200 2.27537
201 2.25931
202 2.22065
203 2.25908
204 2.22107
205 2.25629
206 2.25515
207 2.21461
208 2.25313
209 2.24068
210 2.23159
211 2.26425
212 2.25405
213 2.21642
214 2.25324
215 2.2393
216 2.21653
217 2.27112
218 2.2603
219 2.21525
220 2.25179
221 2.215
222 2.25404
223 2.23378
224 2.27198
225 2.25396
226 2.23321
227 2.25197
228 2.21897
229 2.2694
230 2.24024
231 2.21184
232 2.26673
233 2.22981
234 2.26688
235 2.23684
236 2.22408
237 2.26224
238 2.20593
239 2.25744
240 2.22758
241 2.22016
242 2.23505
243 2.19879
244 2.23366
245 2.24712
246 2.20715
247 2.19123
248 2.22451
249 2.20158
250 2.18428
251 2.21968
252 2.20514
253 2.19696
254 2.21343
255 2.21253
256 2.19743
257 2.18873
258 2.20787
259 2.17012
260 2.16936
261 2.2024
262 2.16525
263 2.16659
264 2.1654
265 2.21763
266 2.20133
267 2.18682
268 2.16353
269 2.19995
270 2.18412
271 2.16403
272 2.20049
273 2.19936
274 2.19816
275 2.16114
276 2.19835
277 2.21603
278 2.17824
279 2.16189
280 2.16255
281 2.19915
282 2.16439
283 2.16491
284 2.20088
285 2.19378
286 2.16493
287 2.20225
288 2.16432
289 2.19991
290 2.2049
291 2.16471
292 2.20182
293 2.21538
294 2.16442
295 2.20341
296 2.18192
297 2.16505
298 2.20065
299 2.20168
300 2.16324
301 2.20005
302 2.18223
303 2.16399
304 2.20177
305 2.18064
306 2.16469
307 2.2028
308 2.18807
309 2.16396
310 2.20038
311 2.18343
312 2.16474
313 2.20137
314 2.16419
315 2.16517
316 2.19977
317 2.20078
318 2.16402
319 2.23405
320 2.20145
321 2.17978
322 2.16569
323 2.16447
324 2.20173
325 2.18601
326 2.16325
327 2.2005
328 2.18518
329 2.18151
330 2.20029
331 2.18647
332 2.28745
333 2.16384
334 2.19896
335 2.21789
336 2.28738
337 2.16599
338 2.19755
339 2.18698
340 2.20454
341 2.16374
342 2.21692
343 2.21964
344 2.16481
345 2.23446
346 2.2004
347 2.20212
348 2.16478
349 2.16314
350 2.20143
351 2.21642
352 2.20264
353 2.19943
354 2.20647
355 2.22233
356 2.2186
357 2.16328
358 2.20083
359 2.1901
360 2.16752
361 2.2018
362 2.23442
363 2.18963
364 2.18186
365 2.20319
366 2.18975
367 2.16757
368 2.1661
369 2.21902
370 2.19403
371 2.16729
372 2.16706
373 2.16716
374 2.20432
375 2.18406
376 2.16808
377 2.20776
378 2.20424
379 2.17088
380 2.20946
381 2.22687
382 2.17109
383 2.20673
384 2.20007
385 2.17118
386 2.17052
387 2.16918
388 2.17495
389 2.17079
390 2.16943
391 2.17066
392 2.17497
393 2.17148
394 2.17618
395 2.17159
396 2.17845
397 2.1725
398 2.17709
399 2.1751
400 2.17561
401 2.17316
402 2.17636
403 2.17876
404 2.17596
405 2.17174
406 2.17586
407 2.17245
408 2.17511
409 2.1724
410 2.17243
411 2.17075
412 2.17079
413 2.16896
414 2.17304
415 2.17155
416 2.17224
417 2.20613
418 2.19993
419 2.17268
420 2.21163
421 2.20881
422 2.17307
423 2.20785
424 2.20853
425 2.18894
426 2.17368
427 2.20929
428 2.19787
429 2.17436
430 2.21041
431 2.19738
432 2.17208
433 2.21227
434 2.23094
435 2.17385
436 2.21173
437 2.19815
438 2.17686
439 2.21315
440 2.21421
441 2.19198
442 2.17657
443 2.21303
444 2.19087
445 2.17608
446 2.20985
447 2.19069
448 2.18109
449 2.2136
450 2.17687
451 2.21315
452 2.21348
453 2.17714
454 2.21401
455 2.20278
456 2.1772
457 2.215
458 2.17641
459 2.21471
460 2.19649
461 2.17981
462 2.21225
463 2.20105
464 2.17692
465 2.21729
466 2.21819
467 2.17923
468 2.21469
469 2.254
470 2.1781
471 2.21783
472 2.19963
473 2.18108
474 2.2152
475 2.19884
476 2.17949
477 2.23501
478 2.1957
479 2.18249
480 2.21571
481 2.20315
482 2.18231
483 2.21834
484 2.19949
485 2.17793
486 2.21819
487 2.19425
488 2.17954
489 2.21723
490 2.19827
491 2.18131
492 2.21705
493 2.20382
494 2.18479
495 2.2192
496 2.21914
497 2.18291
498 2.22115
499 2.19619
500 2.21937
501 2.20809
502 2.22118
503 2.18409
504 2.18346
505 2.18363
506 2.18119
507 2.18011
508 2.18234
509 2.1825
510 2.18317
511 2.18215
512 2.20136
513 2.18271
514 2.18383
515 2.18133
516 2.18297
517 2.18216
518 2.18249
519 2.1841
520 2.18119
521 2.1826
522 2.20134
523 2.18392
524 2.18025
525 2.18248
526 2.20045
527 2.18346
528 2.18144
529 2.18278
530 2.18398
531 2.18192
532 2.18304
533 2.19988
534 2.18494
535 2.18201
536 2.18236
537 2.18156
538 2.18247
539 2.34173
540 2.33336
541 2.31627
542 2.32981
543 2.3134
544 2.33353
545 2.34701
546 2.36229
547 2.34425
548 2.38065
549 2.34193
550 2.34209
551 2.35877
552 2.34136
553 2.35571
554 2.33983
555 2.35952
556 2.34
557 2.33988
558 2.34139
559 2.33988
560 2.35982
561 2.3618
562 2.36183
563 2.34059
564 2.34335
565 2.38101
566 2.3446
567 2.34466
568 2.36083
569 2.37574
570 2.34715
571 2.39405
572 2.34566
573 2.34293
574 2.34513
575 2.34333
576 2.34486
577 2.34556
578 2.34126
579 2.34328
580 2.36121
581 2.34512
582 2.34828
583 2.34207
584 2.34085
585 2.34363
586 2.34235
587 2.33989
588 2.34306
589 2.3428
590 2.53198
591 2.21269
592 2.21544
593 2.21525
594 2.19512
595 2.17618
596 2.21315
597 2.19941
598 2.17473
599 2.2688
600 2.19986
601 2.17524
602 2.21233
603 2.1963
604 2.17658
605 2.21449
606 2.21182
607 2.193
608 2.17721
609 2.21199
610 2.22779
611 2.17557
612 2.21592
613 2.19688
614 2.17588
615 2.2163
616 2.20449
617 2.21748
618 2.18029
619 2.21676
620 2.19711
621 2.19544
622 2.21899
623 2.21979
624 2.18075
625 2.21896
626 2.22059
627 2.20195
628 2.17912
629 2.21639
630 2.21568
631 2.19287
632 2.17956
633 2.21691
634 2.22185
635 2.18115
636 2.21805
637 2.20173
638 2.18085
639 2.21702
640 2.20343
641 2.1813
642 2.1816
643 2.21807
644 2.20201
645 2.18006
646 2.21969
647 2.20185
648 2.18149
649 2.21741
650 2.20747
651 2.18203
652 2.2188
653 2.21915
654 2.18236
655 2.2194
656 2.23778
657 2.20436
658 2.18179
659 2.21973
660 2.21862
661 2.20156
662 2.18389
663 2.22321
664 2.22371
665 2.18775
666 2.22554
667 2.21854
668 2.19021
669 2.22347
670 2.22904
671 2.19265
672 2.19119
673 2.22396
674 2.20431
675 2.19368
676 2.22841
677 2.18749
678 2.22633
679 2.21292
680 2.19016
681 2.22717
682 2.22759
683 2.20826
684 2.19303
685 2.22781
686 2.22475
687 2.21458
688 2.19391
689 2.22786
690 2.20864
691 2.19299
692 2.23067
693 2.21717
694 2.19112
695 2.23182
696 2.23144
697 2.21383
698 2.19376
699 2.23446
700 2.27013
701 2.23382
702 2.2322
703 2.23681
704 2.23844
705 2.21651
706 2.19658
707 2.23673
708 2.22055
709 2.20132
710 2.23532
711 2.20436
712 2.20115
713 2.24024
714 2.22712
715 2.2048
716 2.24285
717 2.22931
718 2.20308
719 2.24484
720 2.24517
721 2.22329
722 2.20699
723 2.24484
724 2.24556
725 2.24638
726 2.20663
727 2.24686
728 2.22973
729 2.20941
730 2.2081
731 2.24634
732 2.22899
733 2.20677
734 2.24012
735 2.22217
736 2.20506
737 2.24412
738 2.22176
739 2.20535
740 2.24258
741 2.23999
742 2.20528
743 2.2418
744 2.27681
745 2.22452
746 2.24348
747 2.24332
748 2.23183
749 2.2084
750 2.24552
751 2.22582
752 2.2472
753 2.24837
754 2.26161
755 2.23043
756 2.20696
757 2.24283
758 2.24184
759 2.22891
760 2.2234
761 2.20479
762 2.24116
763 2.23917
764 2.22211
765 2.20139
766 2.23623
767 2.19569
768 2.21789
769 2.19656
770 2.22801
771 2.22648
772 2.22657
773 2.21835
774 2.22414
775 2.20962
776 2.1847
777 2.18535
778 2.21643
779 2.19985
780 2.17756
781 2.21723
782 2.21581
783 2.17752
784 2.21489
785 2.21516
786 2.19235
787 2.17502
788 2.2105
789 2.21277
790 2.19372
791 2.17083
792 2.17223
793 2.20685
794 2.22269
795 2.18457
796 2.16833
797 2.20585
798 2.19132
799 2.16787
800 2.20445
801 2.1904
802 2.18393
803 2.16567
804 2.20399
805 2.19037
806 2.16471
807 2.16524
808 2.20218
809 2.18089
810 2.16509
811 2.20451
812 2.18656
813 2.1652
814 2.20437
815 2.18635
816 2.16604
817 2.16629
818 2.20291
819 2.18425
820 2.16523
821 2.20332
822 2.25344
823 2.18286
824 2.20348
825 2.20312
826 2.20262
827 2.18444
828 2.16571
829 2.20376
830 2.19084
831 2.16513
832 2.20308
833 2.191
834 2.20717
835 2.16596
836 2.20236
837 2.18891
838 2.16585
839 2.20273
840 2.18875
841 2.1666
842 2.20207
843 2.16492
844 2.16525
845 2.20204
846 2.20476
847 2.18024
848 2.16404
849 2.20267
850 2.16548
851 2.16459
852 2.16544
853 2.20305
854 2.18413
855 2.18806
856 2.1645
857 2.20363
858 2.2043
859 2.16553
860 2.16575
861 2.20251
862 2.19107
863 2.16621
864 2.20352
865 2.19032
866 2.16632
867 2.16527
868 2.2035
869 2.18188
870 2.20523
871 2.16503
872 2.20326
873 2.16644
874 2.1796
875 2.16526
876 2.20252
877 2.18864
878 2.19104
879 2.16589
880 2.20276
881 2.20592
882 2.18379
883 2.18199
884 2.20426
885 2.20394
886 2.18599
887 2.16709
888 2.20441
889 2.18649
890 2.16862
891 2.20592
892 2.18498
893 2.16865
894 2.20518
895 2.19665
896 2.17321
897 2.20873
898 2.19438
899 2.1765
900 2.21322
901 2.19871
902 2.17737
903 2.21586
904 2.22019
905 2.18196
906 2.22005
907 2.26011
908 2.20667
909 2.18639
910 2.18396
911 2.22029
912 2.20883
913 2.18553
914 2.22627
915 2.21439
916 2.22377
917 2.39808
918 2.39904
919 2.37245
920 2.36933
921 2.3716
922 2.37279
923 2.37409
924 2.37294
925 2.37188
926 2.37252
927 2.37158
928 2.37354
929 2.37344
930 2.40832
931 2.3793
932 2.37981
933 2.38084
934 2.38231
935 2.38644
936 2.38312
937 2.38313
938 2.38444
939 2.3834
940 2.38
941 2.38265
942 2.38509
943 2.38472
944 2.38259
945 2.38573
946 2.38416
947 2.38596
948 2.38597
949 2.38784
950 2.38922
951 2.38955
952 2.39634
953 2.39777
954 2.39695
955 2.39944
956 2.40001
957 2.3987
958 2.39636
959 2.3985
960 2.399
961 2.39929
962 2.40664
963 2.40957
964 2.40629
965 2.40406
966 2.40361
967 2.42114
968 2.41909
969 2.42256
970 2.50131
971 2.47019
972 2.46948
973 2.38926
974 2.48814
975 2.47015
976 2.46713
977 2.4691
978 2.39527
979 2.46922
980 2.47411
981 2.47118
982 2.48702
983 2.4706
984 2.47252
985 2.47764
986 2.47452
987 2.47306
988 2.47187
989 2.47111
990 2.4711
991 2.46778
992 2.46787
993 2.47236
994 2.46447
995 2.46547
996 2.46727
997 2.49483
998 2.46262
999 2.45801
1000 2.46135
1001 2.45775
1002 2.47297
1003 2.46724
1004 2.46747
1005 2.44356
1006 2.44011
1007 2.44317
1008 2.41757
1009 2.43657
1010 2.43715
1011 2.43245
1012 2.43121
1013 2.42785
1014 2.42702
1015 2.42515
1016 2.42558
1017 2.42191
1018 2.41966
1019 2.34384
1020 2.34226
1021 2.34163
1022 2.34049
1023 2.34075
1024 2.33931
1025 2.48952
1026 2.38165
1027 2.33681
1028 2.3367
1029 2.33724
1030 2.33617
1031 2.23493
1032 2.18439
1033 2.18351
1034 2.1705
1035 2.16792
1036 2.16822
1037 2.20844
1038 2.18626
1039 2.18659
1040 2.19426
1041 2.20463
1042 2.20355
1043 2.20574
1044 2.20521
1045 2.20486
1046 2.34538
1047 2.33822
1048 2.33497
1049 2.33685
1050 2.3422
1051 2.34084
1052 2.33969
1053 2.33918
1054 2.34071
1055 2.33989
1056 2.34144
1057 2.35633
1058 2.33706
1059 2.33688
1060 2.33825
1061 2.33708
1062 2.30783
1063 2.33633
1064 2.33664
1065 2.33759
1066 2.20904
1067 2.33712
1068 2.3377
1069 2.33752
1070 2.37001
1071 2.33807
1072 2.3371
1073 2.34029
1074 2.3412
1075 2.3399
1076 2.34159
1077 2.34169
1078 2.34144
1079 2.34081
1080 2.33831
1081 2.35493
1082 2.33645
1083 2.35421
1084 2.33692
1085 2.33683
1086 2.19827
1087 2.33974
1088 2.36924
1089 2.33749
1090 2.34007
1091 2.33774
1092 2.33801
1093 2.33909
1094 2.37289
1095 2.33683
1096 2.34228
1097 2.34188
1098 2.34486
1099 2.21017
1100 2.33944
1101 2.34048
1102 2.34137
1103 2.34107
1104 2.34316
1105 2.32722
1106 2.3362
1107 2.33623
1108 2.33988
1109 2.3377
1110 2.33885
1111 2.33673
1112 2.33713
1113 2.3366
1114 2.33712
1115 2.3378
1116 2.33845
1117 2.33834
1118 2.33977
1119 2.33747
1120 2.3428
1121 2.34131
1122 2.3444
1123 2.3583
1124 2.55023
1125 2.21215
1126 2.19578
1127 2.17585
1128 2.21444
1129 2.21564
1130 2.1933
1131 2.17887
1132 2.21397
1133 2.19989
1134 2.19417
1135 2.17766
1136 2.2154
1137 2.20087
1138 2.17996
1139 2.21503
1140 2.17868
1141 2.19829
1142 2.17922
1143 2.21605
1144 2.20546
1145 2.17978
1146 2.21637
1147 2.2031
1148 2.18108
1149 2.21549
1150 2.20202
1151 2.18004
1152 2.21954
1153 2.21964
1154 2.17834
1155 2.21745
1156 2.20477
1157 2.18113
1158 2.21865
1159 2.21711
1160 2.20295
1161 2.18317
1162 2.19847
1163 2.23374
1164 2.18203
1165 2.18316
1166 2.21965
1167 2.24844
1168 2.18052
1169 2.21876
1170 2.22426
1171 2.18072
1172 2.18041
1173 2.21876
1174 2.20118
1175 2.1829
1176 2.21721
1177 2.20403
1178 2.18182
1179 2.21863
1180 2.19781
1181 2.19722
1182 2.22158
1183 2.19884
1184 2.17941
1185 2.21763
1186 2.20592
1187 2.19514
1188 2.21707
1189 2.19831
1190 2.1778
1191 2.21292
1192 2.20999
1193 2.19442
1194 2.17386
1195 2.20982
1196 2.2099
1197 2.1729
1198 2.17306
1199 2.20862
Avg time: 2.26547 ms
STDev: 0.0978533 ms
