0 3.31068
1 2.66347
2 2.66436
3 2.66519
4 2.66368
5 2.66907
6 2.66493
7 2.66802
8 2.67007
9 2.67389
10 2.66867
11 2.67309
12 2.77406
13 2.67874
14 2.68026
15 2.68109
16 2.6793
17 2.67976
18 2.68633
19 2.68565
20 2.6856
21 2.68585
22 2.68667
23 2.68624
24 2.69093
25 2.68403
26 2.68968
27 2.6913
28 2.6934
29 2.69596
30 2.695
31 2.69299
32 2.69496
33 2.69912
34 2.69456
35 2.72413
36 2.698
37 2.69748
38 2.69638
39 2.6976
40 2.70422
41 2.69841
42 2.70395
43 2.69937
44 2.70224
45 2.7048
46 2.70904
47 2.70509
48 2.70656
49 2.71379
50 2.71229
51 2.70563
52 2.71289
53 2.71937
54 2.72077
55 2.72592
56 2.72391
57 2.77344
58 2.73384
59 2.73125
60 2.73201
61 2.73464
62 2.73895
63 2.74471
64 2.74121
65 2.74497
66 2.74735
67 2.74684
68 2.75384
69 2.74988
70 2.75347
71 2.75474
72 2.75791
73 2.76963
74 2.76408
75 2.76739
76 2.77428
77 2.77076
78 2.77158
79 2.77361
80 2.77999
81 2.78247
82 2.78177
83 2.78333
84 2.78583
85 2.80719
86 2.80752
87 2.79917
88 2.80746
89 2.84293
90 2.87416
91 2.97835
92 2.99629
93 3.12354
94 3.15416
95 3.01834
96 2.96118
97 2.85237
98 2.85952
99 2.85054
100 2.86239
101 2.86273
102 2.90834
103 2.91897
104 2.95125
105 2.90621
106 2.9123
107 2.92929
108 2.92586
109 2.94289
110 2.93087
111 2.93201
112 2.92902
113 2.94504
114 2.93384
115 2.94013
116 2.94225
117 2.94907
118 2.94387
119 2.90276
120 2.91421
121 2.91029
122 2.91818
123 2.91166
124 2.9093
125 2.91604
126 2.91225
127 2.9141
128 2.91937
129 2.92551
130 2.91807
131 2.92978
132 2.92762
133 2.92614
134 2.92434
135 2.93589
136 2.92775
137 2.93715
138 2.93126
139 2.93931
140 2.93728
141 2.94247
142 2.9472
143 2.94772
144 2.94917
145 3.055
146 3.00735
147 2.9872
148 2.95791
149 2.96443
150 2.97156
151 2.96088
152 2.96183
153 2.96377
154 2.96175
155 2.96651
156 2.96326
157 2.95621
158 2.95479
159 2.95161
160 2.95309
161 2.95358
162 2.96448
163 2.95144
164 2.95043
165 2.95991
166 2.95982
167 2.95874
168 2.96821
169 2.96296
170 2.96236
171 2.95834
172 2.96451
173 2.9588
174 2.95903
175 2.96389
176 2.96723
177 2.95805
178 2.96532
179 2.95504
180 2.96428
181 2.96191
182 2.96422
183 2.96768
184 3.06271
185 2.96238
186 2.96076
187 2.96136
188 2.95948
189 2.96421
190 2.95905
191 2.96621
192 2.9646
193 2.96457
194 2.9705
195 2.96796
196 2.96719
197 2.96417
198 2.96651
199 2.96972
200 2.96649
201 2.96882
202 2.96619
203 2.96597
204 2.97414
205 2.96877
206 2.96921
207 2.97381
208 2.97416
209 2.9694
210 2.96732
211 2.96577
212 2.96642
213 2.96795
214 2.96828
215 2.97102
216 2.97247
217 2.97115
218 2.96881
219 2.97497
220 2.97104
221 2.96721
222 2.96759
223 2.97814
224 2.96894
225 2.96938
226 2.97421
227 2.96867
228 2.97102
229 2.97213
230 2.97127
231 2.96909
232 2.96743
233 2.9681
234 2.97289
235 2.97783
236 3.01127
237 2.97137
238 2.97538
239 2.97552
240 2.96949
241 2.97436
242 2.97018
243 3.00774
244 2.97008
245 2.9743
246 2.96798
247 2.96241
248 2.96816
249 2.96917
250 2.9676
251 2.96517
252 2.96292
253 2.96104
254 2.96574
255 2.96497
256 2.96341
257 2.96217
258 2.96109
259 2.96229
260 2.96072
261 2.96156
262 2.96193
263 2.95937
264 2.96036
265 2.96284
266 2.95789
267 2.96169
268 3.02099
269 3.00334
270 2.95971
271 2.96105
272 2.96204
273 2.96013
274 2.95914
275 2.95698
276 2.96088
277 2.96188
278 2.95821
279 2.96109
280 2.96797
281 2.95942
282 2.9621
283 2.96056
284 2.96016
285 2.96088
286 2.96016
287 2.95976
288 2.9625
289 2.96355
290 2.96433
291 2.95934
292 2.96401
293 2.96093
294 2.96233
295 2.96042
296 2.95826
297 2.96137
298 2.96301
299 2.96017
300 2.96205
301 2.96267
302 2.96107
303 3.00459
304 2.96385
305 2.96434
306 2.96227
307 2.95979
308 2.95926
309 2.96239
310 2.96128
311 2.96103
312 2.96162
313 2.96213
314 2.96172
315 2.96347
316 2.96124
317 2.96404
318 2.963
319 2.96319
320 2.96071
321 2.96395
322 2.96192
323 2.9621
324 2.96529
325 3.00149
326 2.96249
327 2.96495
328 2.96417
329 2.96306
330 2.96381
331 2.96168
332 2.96145
333 2.96458
334 2.9587
335 2.96169
336 2.9612
337 2.96177
338 2.96028
339 3.06233
340 2.96404
341 2.96535
342 2.96252
343 2.96222
344 2.96637
345 2.96516
346 2.96341
347 2.96496
348 2.96266
349 2.96214
350 2.96216
351 2.95997
352 2.96118
353 2.96324
354 2.96473
355 2.95965
356 2.96419
357 2.96453
358 2.96304
359 2.96253
360 2.96425
361 2.96465
362 2.96321
363 2.96553
364 2.96378
365 2.96312
366 2.9594
367 2.96274
368 2.96121
369 2.96328
370 3.00124
371 2.95906
372 2.96331
373 2.96276
374 2.96398
375 2.96384
376 2.9644
377 3.00081
378 2.96402
379 2.96538
380 2.96347
381 2.96249
382 2.96641
383 2.96256
384 2.96265
385 3.00741
386 2.96406
387 2.96495
388 2.96436
389 2.9636
390 2.9644
391 2.96654
392 2.96348
393 2.96811
394 2.96395
395 2.9662
396 2.96573
397 2.96374
398 2.96164
399 2.9689
400 2.96417
401 2.9644
402 2.96223
403 2.96407
404 2.96593
405 2.96496
406 2.9641
407 2.96362
408 2.96176
409 2.96683
410 2.96204
411 2.96307
412 2.96985
413 2.96421
414 2.96441
415 2.96656
416 2.96381
417 2.96468
418 2.96485
419 2.9621
420 2.96553
421 2.96569
422 2.96509
423 2.96473
424 2.96606
425 2.96662
426 2.96767
427 2.96482
428 2.96581
429 2.96776
430 2.96751
431 2.96709
432 2.96767
433 2.96281
434 2.96566
435 2.9665
436 2.9641
437 2.96671
438 2.96656
439 2.96627
440 2.96574
441 2.96685
442 2.9686
443 2.9655
444 2.96767
445 2.96721
446 2.96877
447 2.96671
448 2.96745
449 2.96389
450 2.96662
451 2.97019
452 2.97111
453 2.96803
454 2.9658
455 2.96718
456 2.96493
457 2.96571
458 2.96661
459 2.96704
460 2.96643
461 2.96617
462 2.96539
463 2.96629
464 2.96642
465 2.96615
466 2.96585
467 2.96119
468 2.96375
469 2.96682
470 2.96709
471 2.96685
472 2.96808
473 2.96824
474 2.96707
475 2.96901
476 3.01235
477 2.96632
478 2.97207
479 2.97002
480 2.96777
481 2.96748
482 2.96729
483 2.96657
484 2.96542
485 2.9664
486 2.96645
487 2.96772
488 2.96863
489 2.96834
490 2.96961
491 2.97028
492 2.96959
493 2.97062
494 2.96902
495 2.96825
496 2.97011
497 2.9699
498 2.97052
499 2.96829
500 2.97375
501 3.00908
502 2.96759
503 3.01584
504 3.03675
505 2.96905
506 2.96921
507 2.97445
508 2.971
509 2.97027
510 2.96889
511 2.969
512 2.96963
513 2.9691
514 2.96935
515 2.97035
516 2.9703
517 2.9727
518 2.97256
519 2.97914
520 2.96936
521 2.96786
522 2.9701
523 2.97086
524 2.96922
525 2.9707
526 3.01023
527 2.97107
528 2.96726
529 2.97079
530 2.96961
531 2.96333
532 2.965
533 2.96625
534 2.96777
535 2.96826
536 2.96777
537 2.96871
538 2.9687
539 2.96953
540 2.96999
541 2.96949
542 2.96955
543 2.97029
544 2.97045
545 2.97139
546 2.96941
547 2.96771
548 2.97099
549 2.97293
550 2.97161
551 2.97177
552 2.97453
553 2.96886
554 2.9698
555 2.96794
556 2.9675
557 2.97041
558 2.96809
559 2.96944
560 2.97233
561 2.96795
562 2.96928
563 2.96822
564 2.96903
565 2.97074
566 2.97637
567 2.97027
568 2.97017
569 2.97097
570 2.97116
571 2.97039
572 2.97145
573 2.97225
574 2.96929
575 2.9705
576 2.97257
577 2.96909
578 2.96973
579 2.96636
580 2.97121
581 2.97312
582 2.97435
583 2.97508
584 2.97188
585 2.97088
586 2.96988
587 2.97124
588 2.9724
589 2.97057
590 2.97222
591 2.97078
592 2.9713
593 2.97216
594 2.96938
595 2.96638
596 2.97068
597 2.97002
598 2.97246
599 2.96692
600 2.96977
601 2.97294
602 2.96953
603 2.98169
604 3.10882
605 2.97422
606 2.96918
607 2.97504
608 2.97174
609 2.97337
610 3.01701
611 2.97126
612 2.96976
613 2.97341
614 2.97205
615 2.9691
616 2.97112
617 2.97329
618 2.97343
619 2.97239
620 2.97267
621 2.97413
622 2.97641
623 2.97446
624 2.9733
625 2.97482
626 2.98203
627 2.97484
628 2.97642
629 2.97595
630 2.98014
631 2.97754
632 2.97647
633 2.97582
634 2.97585
635 2.97524
636 2.97561
637 2.97789
638 2.97491
639 2.97753
640 2.97821
641 2.9778
642 2.9781
643 2.97827
644 2.97832
645 2.97812
646 2.97893
647 2.97842
648 2.97866
649 2.97632
650 2.97525
651 2.97441
652 2.97758
653 2.97596
654 2.97685
655 2.97798
656 2.97557
657 2.97676
658 2.97342
659 2.97345
660 2.97766
661 2.97703
662 2.97948
663 2.97909
664 2.97749
665 2.98628
666 2.98207
667 2.98213
668 2.98515
669 2.98033
670 2.98261
671 2.98266
672 2.98021
673 2.98211
674 2.98515
675 2.97964
676 2.98177
677 2.98062
678 2.98678
679 2.98686
680 2.98251
681 2.98622
682 2.98448
683 2.98203
684 2.98919
685 2.98697
686 2.98621
687 2.98529
688 3.03637
689 2.98875
690 2.98989
691 2.98301
692 2.98757
693 2.98878
694 2.98855
695 2.99158
696 2.99248
697 2.98707
698 2.99108
699 2.99363
700 2.99062
701 2.99117
702 2.99089
703 2.99247
704 2.98994
705 2.99281
706 2.99497
707 2.99059
708 2.99517
709 2.99241
710 2.99249
711 2.99462
712 2.99054
713 2.9954
714 2.99289
715 2.9952
716 2.99358
717 2.99385
718 2.99018
719 2.99213
720 2.99464
721 2.99738
722 2.99457
723 2.99415
724 2.99454
725 2.99529
726 3.03428
727 3.0309
728 2.99829
729 2.99305
730 2.99712
731 2.99512
732 2.99378
733 2.99337
734 2.99513
735 2.99306
736 2.99608
737 2.99696
738 2.99253
739 2.99322
740 2.98965
741 2.99475
742 2.99217
743 2.99485
744 2.99507
745 2.99054
746 2.991
747 2.98775
748 2.98926
749 2.9902
750 2.99103
751 2.98916
752 2.98998
753 2.98742
754 2.98845
755 2.98809
756 2.98933
757 2.98798
758 2.99066
759 2.99135
760 2.98741
761 2.98374
762 2.9848
763 2.98723
764 2.98235
765 2.98674
766 2.98378
767 2.98364
768 2.98331
769 2.98384
770 2.9838
771 2.98542
772 2.98299
773 2.9814
774 2.98622
775 2.98021
776 2.98186
777 2.98265
778 2.98022
779 2.98032
780 2.98084
781 2.97692
782 2.97605
783 2.97912
784 2.9799
785 2.9793
786 2.97912
787 2.97629
788 2.97683
789 2.9789
790 2.97781
791 2.97823
792 2.97821
793 2.97653
794 2.97666
795 2.97905
796 2.9761
797 2.97507
798 2.97724
799 2.97652
800 2.97712
801 2.97753
802 2.9758
803 2.97144
804 2.97587
805 2.97612
806 2.97409
807 2.97476
808 2.97702
809 2.9734
810 2.97954
811 2.97499
812 2.97816
813 2.9769
814 2.98789
815 2.97626
816 3.01161
817 2.97713
818 2.97466
819 2.97077
820 2.97529
821 2.97114
822 2.97781
823 2.97596
824 2.97604
825 2.97598
826 2.97562
827 2.97624
828 2.9783
829 2.97532
830 2.97539
831 2.97468
832 2.97573
833 2.97875
834 2.97961
835 2.97398
836 2.97611
837 2.97514
838 2.97677
839 2.97742
840 2.97437
841 2.97692
842 2.97491
843 2.97486
844 2.97567
845 2.9766
846 2.97554
847 2.97332
848 2.97486
849 2.97621
850 2.97355
851 2.9716
852 2.97496
853 2.97512
854 2.97534
855 2.97678
856 2.97332
857 2.97257
858 2.97176
859 2.9749
860 2.97766
861 2.97294
862 2.97547
863 2.97395
864 2.97493
865 2.97712
866 2.9778
867 2.97152
868 2.97413
869 2.97505
870 2.97352
871 2.97404
872 2.97541
873 2.97355
874 2.97467
875 2.97353
876 2.97736
877 2.97375
878 2.97492
879 2.97721
880 2.97389
881 2.97429
882 2.97443
883 2.97205
884 2.97181
885 2.97519
886 2.97403
887 2.97651
888 2.97673
889 2.97658
890 2.97479
891 2.97668
892 3.04168
893 2.974
894 2.97733
895 2.97538
896 2.97402
897 2.97499
898 2.9752
899 2.97722
900 2.97649
901 2.97712
902 2.9824
903 2.98128
904 2.98406
905 2.98048
906 2.98514
907 3.05409
908 3.02354
909 3.02012
910 3.02469
911 3.02036
912 2.98736
913 2.98242
914 2.98741
915 2.98216
916 2.98798
917 2.98289
918 2.9864
919 2.99007
920 2.99096
921 2.98825
922 2.98425
923 2.99237
924 2.99389
925 2.98803
926 2.99128
927 2.9932
928 2.99079
929 2.99347
930 2.99038
931 2.98956
932 2.99299
933 2.99372
934 2.99117
935 2.99043
936 2.99229
937 2.99064
938 2.99315
939 2.99273
940 2.99588
941 2.99589
942 2.99455
943 2.9976
944 2.99949
945 2.99944
946 3.00455
947 3.00267
948 3.07877
949 3.00552
950 3.00207
951 3.00385
952 3.00255
953 3.00518
954 3.00121
955 3.00383
956 3.00949
957 3.00249
958 3.00712
959 3.0057
960 3.00414
961 3.00843
962 3.00336
963 3.00269
964 3.00348
965 3.00385
966 3.00742
967 3.00443
968 3.00802
969 3.00937
970 3.01396
971 3.00823
972 3.00746
973 3.0069
974 3.00761
975 3.00783
976 3.00555
977 3.01128
978 3.00767
979 3.00468
980 3.00645
981 3.00583
982 3.00673
983 3.00998
984 3.01159
985 3.01158
986 3.01283
987 3.00832
988 3.01052
989 3.00932
990 3.00933
991 3.00803
992 3.00986
993 3.00479
994 3.00494
995 3.00408
996 3.00605
997 3.01125
998 3.00445
999 3.00245
1000 3.00321
1001 3.0086
1002 3.00954
1003 3.00746
1004 3.00385
1005 3.00317
1006 3.00374
1007 3.00283
1008 3.04417
1009 2.99652
1010 2.99905
1011 2.99618
1012 2.99832
1013 2.99392
1014 2.99611
1015 2.99653
1016 2.99333
1017 2.99577
1018 2.99123
1019 2.99566
1020 2.99272
1021 2.99448
1022 2.99391
1023 2.9935
1024 2.9939
1025 2.99052
1026 2.99113
1027 2.99138
1028 2.9915
1029 2.99241
1030 2.99236
1031 2.9907
1032 2.99341
1033 2.98994
1034 2.99153
1035 2.99285
1036 2.98924
1037 3.04899
1038 2.99001
1039 2.99024
1040 2.99009
1041 2.98915
1042 2.99037
1043 2.98901
1044 2.99034
1045 2.99056
1046 2.99092
1047 2.9924
1048 2.99278
1049 2.99369
1050 2.99187
1051 2.99176
1052 3.09744
1053 2.99312
1054 2.99001
1055 2.99261
1056 2.99918
1057 2.99529
1058 2.99119
1059 2.99054
1060 2.9902
1061 2.9921
1062 2.99001
1063 2.99099
1064 2.99132
1065 2.98981
1066 2.99287
1067 2.99202
1068 2.99122
1069 2.99174
1070 2.99156
1071 2.99238
1072 2.992
1073 2.99153
1074 2.99224
1075 2.9903
1076 2.99182
1077 2.99089
1078 2.99157
1079 2.98774
1080 2.99242
1081 2.99214
1082 2.99013
1083 2.99486
1084 2.98888
1085 2.99065
1086 2.99259
1087 2.98788
1088 2.99153
1089 2.99124
1090 2.99319
1091 2.99325
1092 2.99356
1093 2.99211
1094 2.99094
1095 2.9927
1096 2.99229
1097 2.99062
1098 2.99097
1099 2.99286
1100 2.99263
1101 2.99202
1102 2.99205
1103 2.99373
1104 2.99203
1105 2.99287
1106 2.9927
1107 2.98866
1108 2.99087
1109 2.99344
1110 2.99413
1111 2.9905
1112 2.99413
1113 2.99232
1114 2.99261
1115 2.99182
1116 2.99257
1117 2.99048
1118 2.98707
1119 2.99161
1120 2.99235
1121 2.99329
1122 2.99299
1123 2.99013
1124 2.9927
1125 2.99143
1126 3.07322
1127 2.98972
1128 2.99234
1129 2.98929
1130 2.99477
1131 2.99498
1132 2.99368
1133 2.99415
1134 2.99337
1135 2.99332
1136 2.99303
1137 2.99329
1138 2.992
1139 2.98906
1140 2.99154
1141 2.99321
1142 2.99419
1143 2.99399
1144 2.99612
1145 2.99244
1146 2.99443
1147 2.99545
1148 2.99579
1149 2.99638
1150 2.99401
1151 2.99502
1152 2.99403
1153 2.99521
1154 2.99491
1155 2.99432
1156 2.99464
1157 2.99491
1158 3.11201
1159 2.99507
1160 2.99483
1161 2.99788
1162 2.99786
1163 2.99604
1164 2.99617
1165 2.99643
1166 2.99641
1167 2.99853
1168 3.04574
1169 2.99273
1170 2.99828
1171 2.99189
1172 2.99762
1173 2.99812
1174 2.99657
1175 2.99521
1176 2.99821
1177 2.99794
1178 2.99956
1179 2.99923
1180 2.9976
1181 2.99678
1182 2.99796
1183 2.99868
1184 3.00075
1185 3.08947
1186 2.99569
1187 2.99539
1188 2.99673
1189 3.03925
1190 2.99569
1191 2.99894
1192 2.99777
1193 2.9958
1194 2.99583
1195 2.99391
1196 2.99572
1197 2.9964
1198 2.99545
1199 2.99772
Avg time: 2.95947 ms
STDev: 0.0387455 ms
