0 27.1804
1 2.8525
2 2.71824
3 2.77002
4 4.65004
5 4.29583
6 4.29336
7 4.29743
8 4.29742
9 4.29983
10 4.29921
11 4.30338
12 4.30611
13 4.30783
14 4.31068
15 4.31276
16 4.31196
17 4.31476
18 4.31561
19 4.31653
20 4.31493
21 4.31685
22 4.32093
23 4.32235
24 4.3186
25 4.32353
26 4.32146
27 4.32401
28 4.32125
29 4.32542
30 4.32483
31 4.32465
32 4.32203
33 4.32338
34 4.32571
35 4.3224
36 4.32499
37 4.3227
38 4.32277
39 4.31925
40 4.32239
41 4.32544
42 4.32458
43 4.32525
44 4.32761
45 4.32653
46 4.32751
47 4.36778
48 4.32864
49 4.3248
50 4.32717
51 4.33079
52 4.32957
53 4.32984
54 4.32962
55 4.33459
56 4.33452
57 4.33901
58 4.3759
59 4.34548
60 4.34101
61 4.34807
62 4.34699
63 4.35456
64 4.35446
65 4.35296
66 4.36084
67 4.36211
68 4.35757
69 4.35623
70 4.35624
71 4.36266
72 4.35473
73 4.37282
74 4.3575
75 4.3686
76 4.36044
77 4.3633
78 4.37214
79 4.37282
80 4.36768
81 4.36743
82 4.36223
83 4.37649
84 4.37864
85 4.37809
86 4.38693
87 4.43175
88 4.39066
89 4.39091
90 4.65792
91 4.39894
92 4.4027
93 4.40229
94 4.40825
95 4.41938
96 4.41342
97 4.40936
98 4.45332
99 4.45691
100 4.42214
101 4.44897
102 4.41769
103 4.41955
104 4.42581
105 4.4209
106 4.42491
107 4.46113
108 4.42733
109 4.42245
110 4.42917
111 4.42804
112 4.42694
113 4.42954
114 4.43084
115 4.42369
116 4.42882
117 4.4304
118 4.42874
119 4.42818
120 4.43149
121 4.42828
122 4.43019
123 4.42629
124 4.42329
125 4.46696
126 4.43112
127 4.43354
128 4.42835
129 4.43239
130 4.45725
131 4.43581
132 4.43556
133 4.43899
134 4.43717
135 4.435
136 4.43912
137 4.43915
138 4.44341
139 4.43921
140 4.43617
141 4.4425
142 4.44698
143 4.43755
144 4.44196
145 4.44251
146 4.43881
147 4.52512
148 4.4297
149 4.43517
150 4.42856
151 4.42258
152 4.43567
153 4.43418
154 4.43272
155 4.40924
156 4.45557
157 4.48975
158 4.43981
159 4.41343
160 4.4668
161 4.39825
162 4.41187
163 4.39518
164 4.43225
165 4.39609
166 4.40082
167 4.55386
168 4.39666
169 4.41893
170 4.39912
171 4.4158
172 4.39387
173 4.41548
174 4.39432
175 4.39164
176 4.38708
177 4.3903
178 4.38954
179 4.40227
180 4.38059
181 4.38234
182 4.60806
183 4.39874
184 4.37829
185 4.37468
186 4.37485
187 4.3723
188 4.38921
189 4.37469
190 4.38918
191 4.39381
192 4.44615
193 4.37572
194 4.42361
195 4.37081
196 4.40924
197 4.38606
198 4.36898
199 4.38429
200 4.38604
201 4.36547
202 4.37102
203 4.37374
204 4.36823
205 4.36976
206 4.36662
207 4.36242
208 4.36469
209 4.36214
210 4.38232
211 4.37536
212 4.36102
213 4.36203
214 4.36349
215 4.39035
216 4.36427
217 4.37954
218 4.3631
219 4.36393
220 4.36073
221 4.38432
222 4.44018
223 4.36317
224 4.38441
225 4.40674
226 4.36466
227 4.36219
228 4.36296
229 4.38115
230 4.36225
231 4.36073
232 4.37526
233 4.3575
234 4.41611
235 4.35561
236 4.37214
237 4.37923
238 4.3499
239 4.36982
240 4.34611
241 4.3689
242 4.34665
243 4.34517
244 4.34229
245 4.35781
246 4.33553
247 4.33617
248 4.33606
249 4.3317
250 4.36028
251 4.3313
252 4.32753
253 4.34247
254 4.32065
255 4.32279
256 4.32325
257 4.33618
258 4.31989
259 4.31576
260 4.31454
261 4.31254
262 4.31376
263 4.31008
264 4.31199
265 4.32508
266 4.35128
267 4.30849
268 4.30888
269 4.31202
270 4.30883
271 4.31314
272 4.3101
273 4.30864
274 4.32588
275 4.30455
276 4.30751
277 4.32591
278 4.30675
279 4.30945
280 4.30821
281 4.30799
282 4.30798
283 4.30986
284 4.30952
285 4.3276
286 4.3129
287 4.31072
288 4.31158
289 4.31041
290 4.33057
291 4.31153
292 4.31313
293 4.31148
294 4.35072
295 4.30933
296 4.31109
297 4.30964
298 4.31124
299 4.31374
300 4.30922
301 4.31198
302 4.31086
303 4.31106
304 4.31132
305 4.31016
306 4.31314
307 4.3111
308 4.31301
309 4.31002
310 4.30992
311 4.31205
312 4.31327
313 4.30999
314 4.31196
315 4.31051
316 4.30936
317 4.30953
318 4.30995
319 4.31175
320 4.31081
321 4.31345
322 4.31197
323 4.35051
324 4.3103
325 4.31101
326 4.30694
327 4.30992
328 4.31019
329 4.32764
330 4.30985
331 4.31089
332 4.30754
333 4.30862
334 4.31091
335 4.32534
336 4.32835
337 4.31006
338 4.47151
339 4.31157
340 4.32683
341 4.34142
342 4.32651
343 4.32737
344 4.31219
345 4.3442
346 4.30982
347 4.31345
348 4.3093
349 4.31281
350 4.30946
351 4.32778
352 4.31073
353 4.30948
354 4.32714
355 4.34317
356 4.34583
357 4.30941
358 4.31028
359 4.31049
360 4.31193
361 4.31346
362 4.34432
363 4.31698
364 4.32865
365 4.31454
366 4.31148
367 4.31416
368 4.31258
369 4.32978
370 4.31199
371 4.3124
372 4.31487
373 4.3125
374 4.31182
375 4.31325
376 4.31156
377 4.31492
378 4.31073
379 4.31766
380 4.31741
381 4.31683
382 4.31646
383 4.31795
384 4.31931
385 4.31724
386 4.31402
387 4.31501
388 4.31967
389 4.3154
390 4.31532
391 4.31463
392 4.31924
393 4.31632
394 4.32145
395 4.31502
396 4.32071
397 4.31826
398 4.32283
399 4.31889
400 4.3175
401 4.3194
402 4.32129
403 4.36226
404 4.31713
405 4.3201
406 4.31814
407 4.3183
408 4.31766
409 4.31942
410 4.31573
411 4.33298
412 4.315
413 4.31657
414 4.31451
415 4.31603
416 4.31591
417 4.31598
418 4.32165
419 4.31736
420 4.32186
421 4.31896
422 4.31985
423 4.31691
424 4.32045
425 4.31785
426 4.32171
427 4.32433
428 4.32466
429 4.32334
430 4.32209
431 4.31951
432 4.32233
433 4.36128
434 4.33966
435 4.3217
436 4.32189
437 4.32038
438 4.32643
439 4.32599
440 4.32509
441 4.3238
442 4.32684
443 4.32497
444 4.32753
445 4.32544
446 4.3255
447 4.32614
448 4.32809
449 4.32682
450 4.32765
451 4.32514
452 4.32646
453 4.32599
454 4.32557
455 4.32973
456 4.32655
457 4.32786
458 4.32551
459 4.36713
460 4.32517
461 4.33114
462 4.32436
463 4.32828
464 4.32673
465 4.33182
466 4.32712
467 4.33003
468 4.32772
469 4.33248
470 4.327
471 4.33232
472 4.32685
473 4.33412
474 4.36814
475 4.33009
476 4.32607
477 4.34873
478 4.32811
479 4.33001
480 4.32732
481 4.32954
482 4.32889
483 4.36913
484 4.32893
485 4.32702
486 4.33201
487 4.32825
488 4.32919
489 4.3273
490 4.33304
491 4.33035
492 4.32778
493 4.32989
494 4.33345
495 4.33376
496 4.34785
497 4.3358
498 4.3333
499 4.32821
500 4.32857
501 4.33357
502 4.3322
503 4.33282
504 4.33545
505 4.33149
506 4.32908
507 4.32678
508 4.33487
509 4.33113
510 4.33219
511 4.3306
512 4.34559
513 4.33159
514 4.3294
515 4.33371
516 4.32955
517 4.35964
518 4.32859
519 4.33053
520 4.32793
521 4.32941
522 4.35073
523 4.33159
524 4.33265
525 4.32952
526 4.34952
527 4.33222
528 4.33184
529 4.33058
530 4.3321
531 4.33026
532 4.33125
533 4.34746
534 4.33244
535 4.32951
536 4.33308
537 4.33008
538 4.32899
539 4.33065
540 4.34489
541 4.33043
542 4.34409
543 4.32923
544 4.34446
545 4.32809
546 4.34821
547 4.32782
548 4.36502
549 4.32623
550 4.32879
551 4.34576
552 4.32741
553 4.34433
554 4.32344
555 4.34515
556 4.32638
557 4.32683
558 4.45472
559 4.32724
560 4.3446
561 4.34445
562 4.34701
563 4.32167
564 4.32275
565 4.32456
566 4.32434
567 4.326
568 4.33996
569 4.34281
570 4.32652
571 4.34151
572 4.32449
573 4.32281
574 4.32015
575 4.32364
576 4.32587
577 4.32522
578 4.32567
579 4.32605
580 4.34401
581 4.36765
582 4.3276
583 4.32532
584 4.32264
585 4.32497
586 4.32591
587 4.32336
588 4.32434
589 4.32515
590 4.32553
591 4.32587
592 4.32494
593 4.32888
594 4.32554
595 4.32505
596 4.32747
597 4.32336
598 4.32438
599 4.33841
600 4.36839
601 4.32278
602 4.45441
603 4.32355
604 4.32419
605 4.32513
606 4.35121
607 4.32465
608 4.3247
609 4.32455
610 4.32438
611 4.32577
612 4.32681
613 4.32829
614 4.32269
615 4.32901
616 4.32591
617 4.34365
618 4.33109
619 4.32668
620 4.32989
621 4.34558
622 4.33281
623 4.34469
624 4.33018
625 4.33028
626 4.33269
627 4.33055
628 4.33005
629 4.32763
630 4.32901
631 4.32777
632 4.33035
633 4.32976
634 4.33066
635 4.33076
636 4.33075
637 4.37016
638 4.32998
639 4.32917
640 4.3308
641 4.32865
642 4.33091
643 4.32881
644 4.33229
645 4.32866
646 4.33432
647 4.3301
648 4.35489
649 4.32807
650 4.33154
651 4.33074
652 4.32899
653 4.33007
654 4.33212
655 4.32961
656 4.36895
657 4.32852
658 4.32918
659 4.33377
660 4.33038
661 4.33201
662 4.33409
663 4.33489
664 4.33647
665 4.33508
666 4.33864
667 4.34048
668 4.33885
669 4.33415
670 4.34137
671 4.34137
672 4.33961
673 4.33205
674 4.33896
675 4.34113
676 4.33895
677 4.33894
678 4.3762
679 4.33953
680 4.33671
681 4.33651
682 4.33791
683 4.33903
684 4.34312
685 4.34025
686 4.33901
687 4.34739
688 4.34446
689 4.33961
690 4.33855
691 4.34241
692 4.34481
693 4.34238
694 4.34066
695 4.38555
696 4.34288
697 4.34361
698 4.3402
699 4.34766
700 4.34473
701 4.34272
702 4.34523
703 4.34774
704 4.3473
705 4.34714
706 4.34421
707 4.34854
708 4.34834
709 4.34995
710 4.34801
711 4.34899
712 4.34924
713 4.35089
714 4.34829
715 4.35419
716 4.35355
717 4.35115
718 4.35381
719 4.35725
720 4.35826
721 4.35586
722 4.35821
723 4.39305
724 4.3607
725 4.35637
726 4.35663
727 4.35764
728 4.3559
729 4.35776
730 4.35809
731 4.35559
732 4.35764
733 4.35669
734 4.35531
735 4.35457
736 4.35756
737 4.35656
738 4.3578
739 4.35332
740 4.35744
741 4.35029
742 4.35121
743 4.35207
744 4.35341
745 4.3531
746 4.35485
747 4.35458
748 4.41102
749 4.35388
750 4.35621
751 4.35888
752 4.35693
753 4.3577
754 4.37328
755 4.35199
756 4.35792
757 4.35327
758 4.35641
759 4.35125
760 4.35229
761 4.35313
762 4.35105
763 4.34925
764 4.35018
765 4.34902
766 4.35006
767 4.34475
768 4.34621
769 4.34536
770 4.34145
771 4.33851
772 4.34008
773 4.33989
774 4.33753
775 4.33385
776 4.33364
777 4.33348
778 4.32988
779 4.32554
780 4.32517
781 4.3288
782 4.32569
783 4.32696
784 4.36496
785 4.32761
786 4.32356
787 4.32392
788 4.32067
789 4.32522
790 4.395
791 4.3946
792 4.41185
793 4.43134
794 4.44538
795 4.39091
796 4.41496
797 4.43084
798 4.39076
799 4.39149
800 4.39052
801 4.40856
802 4.31487
803 4.31353
804 4.3152
805 4.31264
806 4.31154
807 4.31606
808 4.31318
809 4.31606
810 4.31267
811 4.31457
812 4.31247
813 4.31209
814 4.31515
815 4.31322
816 4.5115
817 4.32184
818 4.32524
819 4.32244
820 4.32509
821 4.32316
822 4.32484
823 4.32265
824 4.32489
825 4.32272
826 4.32435
827 4.32258
828 4.32249
829 4.32456
830 4.3219
831 4.32457
832 4.32137
833 4.32381
834 4.32382
835 4.32516
836 4.32257
837 4.32066
838 4.32485
839 4.32371
840 4.31915
841 4.32254
842 4.32184
843 4.32342
844 4.32114
845 4.32283
846 4.32291
847 4.32396
848 4.32213
849 4.32542
850 4.32092
851 4.32319
852 4.32137
853 4.32236
854 4.32489
855 4.32234
856 4.34779
857 4.32235
858 4.32447
859 4.32245
860 4.32512
861 4.32301
862 4.32428
863 4.32267
864 4.32668
865 4.36436
866 4.32517
867 4.32244
868 4.32491
869 4.32208
870 4.36187
871 4.3223
872 4.3263
873 4.32274
874 4.32341
875 4.32226
876 4.32561
877 4.32083
878 4.32227
879 4.32221
880 4.32345
881 4.32637
882 4.32345
883 4.33993
884 4.32425
885 4.32365
886 4.32381
887 4.32118
888 4.3252
889 4.36449
890 4.32445
891 4.32684
892 4.32453
893 4.32432
894 4.32548
895 4.33136
896 4.33219
897 4.3271
898 4.33026
899 4.36457
900 4.33193
901 4.33243
902 4.334
903 4.33625
904 4.33583
905 4.33913
906 4.3416
907 4.33849
908 4.34022
909 4.34445
910 4.34116
911 4.34078
912 4.34388
913 4.34115
914 4.34488
915 4.34861
916 4.34306
917 4.36437
918 4.34398
919 4.34986
920 4.344
921 4.34808
922 4.34831
923 4.35201
924 4.34815
925 4.35225
926 4.35095
927 4.35243
928 4.34983
929 4.35516
930 4.35105
931 4.35715
932 4.35226
933 4.3555
934 4.3552
935 4.36144
936 4.35635
937 4.48447
938 4.42814
939 4.44663
940 4.46645
941 4.42768
942 4.40609
943 4.47017
944 4.48069
945 4.42957
946 4.40797
947 4.44835
948 4.46986
949 4.44746
950 4.43406
951 4.47238
952 4.49522
953 4.43696
954 4.47373
955 4.7314
956 4.71368
957 4.71252
958 4.7145
959 4.72612
960 4.72361
961 4.75139
962 4.76143
963 4.698
964 4.72111
965 4.72255
966 4.7225
967 4.76747
968 4.79793
969 4.7492
970 4.75653
971 4.75162
972 4.77817
973 4.74829
974 4.74961
975 4.73476
976 4.72654
977 4.75062
978 4.38427
979 4.38381
980 4.38521
981 4.38278
982 4.38517
983 4.38244
984 4.38783
985 4.38714
986 4.41165
987 4.43171
988 4.38514
989 4.38221
990 4.38304
991 4.37654
992 4.38201
993 4.37951
994 4.37745
995 4.38208
996 4.37634
997 4.37068
998 4.37461
999 4.37315
1000 4.37061
1001 4.36986
1002 4.38446
1003 4.38224
1004 4.35962
1005 4.35757
1006 4.3535
1007 4.35375
1008 4.34837
1009 4.35326
1010 4.36479
1011 4.34658
1012 4.34609
1013 4.34272
1014 4.34319
1015 4.33945
1016 4.3397
1017 4.33601
1018 4.33955
1019 4.33408
1020 4.33532
1021 4.33192
1022 4.33427
1023 4.33247
1024 4.33365
1025 4.33058
1026 4.33279
1027 4.32991
1028 4.331
1029 4.32976
1030 4.33068
1031 4.32773
1032 4.36815
1033 4.32814
1034 4.32863
1035 4.32779
1036 4.32763
1037 4.32667
1038 4.32803
1039 4.32537
1040 4.32791
1041 4.32617
1042 4.35427
1043 4.32615
1044 4.32437
1045 4.32831
1046 4.32489
1047 4.32886
1048 4.4921
1049 4.39944
1050 4.33065
1051 4.32668
1052 4.32546
1053 4.32374
1054 4.32849
1055 4.32912
1056 4.32673
1057 4.34568
1058 4.32492
1059 4.3265
1060 4.32906
1061 4.32608
1062 4.32822
1063 4.3259
1064 4.32909
1065 4.32656
1066 4.32767
1067 4.32537
1068 4.37151
1069 4.3254
1070 4.32385
1071 4.4618
1072 4.40605
1073 4.40655
1074 4.44547
1075 4.33479
1076 4.3321
1077 4.33519
1078 4.33329
1079 4.37341
1080 4.33196
1081 4.35045
1082 4.33129
1083 4.34983
1084 4.33322
1085 4.33075
1086 4.33829
1087 4.33036
1088 4.33501
1089 4.33249
1090 4.3699
1091 4.33364
1092 4.32994
1093 4.33466
1094 4.37254
1095 4.33517
1096 4.33257
1097 4.33401
1098 4.33629
1099 4.35285
1100 4.33199
1101 4.33617
1102 4.33261
1103 4.33299
1104 4.33471
1105 4.33305
1106 4.33524
1107 4.333
1108 4.33457
1109 4.3379
1110 4.335
1111 4.33677
1112 4.33512
1113 4.33634
1114 4.33393
1115 4.33846
1116 4.33655
1117 4.33962
1118 4.33641
1119 4.38723
1120 4.42581
1121 4.43298
1122 4.44079
1123 4.42426
1124 4.41129
1125 4.43005
1126 4.45182
1127 4.42613
1128 4.59354
1129 4.41369
1130 4.43165
1131 4.45298
1132 4.43175
1133 4.41248
1134 4.43505
1135 4.45354
1136 4.42893
1137 4.41082
1138 4.41599
1139 4.45433
1140 4.45611
1141 4.43878
1142 4.33951
1143 4.38575
1144 4.34438
1145 4.34162
1146 4.34469
1147 4.38036
1148 4.34605
1149 4.34219
1150 4.39357
1151 4.45572
1152 4.43544
1153 4.41878
1154 4.49103
1155 4.34378
1156 4.34232
1157 4.34408
1158 4.34295
1159 4.34497
1160 4.34275
1161 4.3454
1162 4.35899
1163 4.36068
1164 4.38134
1165 4.34604
1166 4.35391
1167 4.34585
1168 4.34177
1169 4.34326
1170 4.35985
1171 4.34304
1172 4.34221
1173 4.34213
1174 4.34488
1175 4.34156
1176 4.34272
1177 4.34345
1178 4.34525
1179 4.34002
1180 4.34523
1181 4.36497
1182 4.34594
1183 4.34017
1184 4.34171
1185 4.33981
1186 4.34418
1187 4.35467
1188 4.34253
1189 4.33695
1190 4.34127
1191 4.33634
1192 4.33642
1193 4.33263
1194 4.33779
1195 4.33339
1196 4.33594
1197 4.33155
1198 4.33536
1199 4.33308
Avg time: 4.37304 ms
STDev: 0.0707366 ms
