0 12.5069
1 12.0752
2 12.1403
3 12.1778
4 12.2963
5 12.1644
6 12.3135
7 12.1614
8 12.1856
9 12.3096
10 12.2387
11 12.3452
12 12.509
13 12.1935
14 12.2763
15 12.1645
16 12.3042
17 12.2244
18 12.1268
19 12.5425
20 12.4431
21 12.1354
22 12.3413
23 12.1392
24 12.1345
25 12.1971
26 12.1859
27 12.1674
28 12.0897
29 12.1184
30 12.1367
31 12.1686
32 12.4246
33 12.2264
34 12.0955
35 12.2155
36 12.1986
37 12.1086
38 12.1503
39 12.3859
40 12.4403
41 12.2366
42 12.2332
43 12.3689
44 12.3649
45 12.208
46 12.4839
47 12.3345
48 12.3757
49 12.3399
50 12.2611
51 12.5615
52 12.4354
53 12.3075
54 12.2822
55 12.4625
56 12.3516
57 12.3237
58 12.1717
59 12.2528
60 12.5288
61 12.2251
62 12.3816
63 12.2113
64 12.1672
65 12.4312
66 12.2955
67 12.3642
68 12.2977
69 12.1758
70 12.5703
71 12.2079
72 12.4399
73 12.4285
74 12.2668
75 12.3892
76 12.2071
77 12.2193
78 12.3205
79 12.2055
80 12.5316
81 12.2373
82 12.5651
83 12.5328
84 12.3589
85 12.2639
86 12.27
87 12.4839
88 12.276
89 12.2701
90 12.287
91 12.474
92 12.2313
93 12.369
94 12.1412
95 12.3234
96 12.268
97 12.353
98 12.234
99 12.3032
100 12.0701
101 12.2383
102 12.0674
103 12.1201
104 12.2336
105 12.2762
106 12.2584
107 12.251
108 12.0986
109 12.1038
110 12.1787
111 12.1647
112 12.095
113 12.1867
114 12.0268
115 12.2075
116 12.2142
117 12.1949
118 12.2419
119 12.1998
120 12.2671
121 12.2215
122 12.1423
123 12.2012
124 12.265
125 12.441
126 12.0869
127 12.1603
128 12.1586
129 12.1828
130 12.2278
131 12.2011
132 12.1709
133 12.2479
134 12.3473
135 12.2395
136 12.1216
137 12.1342
138 12.2581
139 12.0531
140 12.243
141 12.1407
142 12.0572
143 12.24
144 12.0508
145 12.2492
146 12.3038
147 12.2806
148 12.3099
149 12.1319
150 12.095
151 12.119
152 12.2214
153 12.1664
154 12.0968
155 12.3
156 12.1736
157 12.1185
158 12.2821
159 12.1811
160 12.3021
161 12.156
162 12.4275
163 12.0669
164 12.3601
165 12.4019
166 12.4213
167 12.3897
168 12.3335
169 12.1798
170 12.5275
171 12.0436
172 12.1293
173 12.2041
174 12.3443
175 12.274
176 12.3332
177 12.3772
178 12.2863
179 12.3343
180 12.1943
181 12.4452
182 12.1995
183 12.2382
184 12.2576
185 12.3755
186 12.2641
187 12.3404
188 12.2384
189 12.2835
190 12.3325
191 12.1933
192 12.2604
193 12.4217
194 12.4648
195 12.4075
196 12.2655
197 12.1951
198 12.328
199 12.2436
200 12.4214
201 12.1376
202 12.4431
203 12.1043
204 12.2828
205 12.2443
206 12.2574
207 12.1618
208 12.2356
209 12.3296
210 12.2335
211 12.4908
212 12.3781
213 12.1906
214 12.1783
215 12.1452
216 12.3689
217 12.1449
218 12.162
219 12.1509
220 12.1989
221 12.2504
222 12.2222
223 12.2224
224 12.3323
225 12.2007
226 12.398
227 12.3387
228 12.354
229 12.2576
230 12.1591
231 12.0756
232 12.1088
233 12.2845
234 12.4174
235 12.1048
236 12.2431
237 12.2993
238 12.1782
239 12.151
240 12.3373
241 12.2275
242 12.1564
243 12.3148
244 12.1286
245 12.1913
246 12.326
247 12.1645
248 12.2723
249 12.1441
250 12.2274
251 12.3669
252 12.1709
253 12.5065
254 12.2942
255 12.4388
256 12.225
257 12.3628
258 12.2647
259 12.2473
260 12.1557
261 12.1877
262 12.2136
263 12.1856
264 12.2169
265 12.1868
266 12.1973
267 12.0786
268 12.3354
269 12.4664
270 12.346
271 12.1781
272 12.4133
273 12.3975
274 12.1839
275 12.6229
276 12.6127
277 12.3851
278 12.4902
279 12.4887
280 12.2203
281 12.8078
282 12.3028
283 12.3294
284 12.5902
285 12.1643
286 12.2838
287 12.306
288 12.1612
289 12.1557
290 12.2107
291 12.4529
292 12.5079
293 12.3483
294 12.4269
295 12.2781
296 12.3331
297 12.3266
298 12.1644
299 12.2167
300 12.4627
301 12.3799
302 12.3192
303 12.3533
304 12.2604
305 12.3591
306 12.3787
307 12.2354
308 12.2323
309 12.5841
310 12.2102
311 12.3988
312 12.2169
313 12.3527
314 12.3124
315 12.3227
316 12.2648
317 12.4561
318 12.2402
319 12.3059
320 12.2879
321 12.2688
322 12.3081
323 12.4457
324 12.4359
325 12.263
326 12.2414
327 12.2226
328 12.3864
329 12.4465
330 12.4199
331 12.5333
332 12.1051
333 12.219
334 12.192
335 12.2894
336 12.3107
337 12.3665
338 12.3859
339 12.6461
340 12.5308
341 12.4154
342 12.2144
343 12.3721
344 12.2054
345 12.1891
346 12.1613
347 12.4811
348 12.1942
349 12.4029
350 12.3067
351 12.1875
352 12.1798
353 12.2082
354 12.2413
355 12.4296
356 12.2885
357 12.3742
358 12.179
359 12.2959
360 12.2293
361 12.5133
362 12.2047
363 12.481
364 12.2463
365 12.2422
366 12.3417
367 12.453
368 12.4175
369 12.3744
370 12.3808
371 12.3305
372 12.452
373 12.4183
374 12.3234
375 12.3393
376 12.2514
377 12.2891
378 12.3557
379 12.2334
380 12.2258
381 12.246
382 12.5263
383 12.2633
384 12.2434
385 12.3763
386 12.416
387 12.3736
388 12.3841
389 12.4809
390 12.3828
391 12.2349
392 12.3246
393 12.2164
394 12.3056
395 12.3032
396 12.4483
397 12.2239
398 12.159
399 12.2989
400 12.4836
401 12.5086
402 12.4581
403 12.4979
404 12.447
405 12.3065
406 12.3682
407 12.3928
408 12.1964
409 12.2155
410 12.3397
411 12.3615
412 12.3165
413 12.3806
414 12.3483
415 12.3358
416 12.5329
417 12.2799
418 12.3981
419 12.4152
420 12.2729
421 12.4856
422 12.4888
423 12.3567
424 12.2961
425 12.1812
426 12.2179
427 12.4052
428 12.4556
429 12.2865
430 12.2483
431 12.276
432 12.1667
433 12.2017
434 12.2785
435 12.1926
436 12.3223
437 12.331
438 12.4546
439 12.267
440 12.3198
441 12.1872
442 12.5181
443 12.1987
444 12.1352
445 12.288
446 12.2945
447 12.197
448 12.1585
449 12.4958
450 12.2647
451 12.4671
452 12.3523
453 12.3874
454 12.4969
455 12.1586
456 12.3105
457 12.3482
458 12.2976
459 12.2863
460 12.3424
461 12.1559
462 12.29
463 12.1858
464 12.2289
465 12.3743
466 12.5582
467 12.4643
468 12.3431
469 12.3704
470 12.3655
471 12.433
472 12.3096
473 12.4119
474 12.186
475 12.3042
476 12.3822
477 12.273
478 12.1754
479 12.3714
480 12.4638
481 12.1845
482 12.2316
483 12.402
484 12.162
485 12.4741
486 12.3114
487 12.2175
488 12.1697
489 12.4955
490 12.3978
491 12.1319
492 12.344
493 12.2421
494 12.1658
495 12.3051
496 12.4623
497 12.0268
498 12.1587
499 12.2264
500 12.207
501 12.3976
502 12.2901
503 12.4812
504 12.1936
505 12.4093
506 12.1755
507 12.2299
508 12.3064
509 12.349
510 12.4193
511 12.2679
512 12.3631
513 12.2158
514 12.3008
515 12.2526
516 12.1929
517 12.2819
518 12.4427
519 12.2404
520 12.1612
521 12.2598
522 12.2794
523 12.3583
524 12.342
525 12.2252
526 12.3461
527 12.292
528 12.2735
529 12.2709
530 12.1597
531 12.5679
532 12.3584
533 12.5164
534 12.3539
535 12.5284
536 12.274
537 12.4075
538 12.5375
539 12.2102
540 12.1904
541 12.3267
542 12.4021
543 12.4193
544 12.3243
545 12.2896
546 12.196
547 12.3013
548 12.4916
549 12.2648
550 12.4171
551 12.3933
552 12.3278
553 12.1858
554 12.3677
555 12.1707
556 12.436
557 12.2323
558 12.1854
559 12.3921
560 12.3053
561 12.2242
562 12.3923
563 12.3167
564 12.3345
565 12.2263
566 12.1863
567 12.3572
568 12.223
569 12.4863
570 12.1604
571 12.2116
572 12.3626
573 12.2837
574 12.1998
575 12.2124
576 12.3737
577 12.2522
578 12.2515
579 12.5041
580 12.4134
581 12.3538
582 12.4064
583 12.2633
584 12.3046
585 12.4116
586 12.2152
587 12.1792
588 12.2269
589 12.9806
590 12.9877
591 12.933
592 12.3234
593 12.9128
594 12.9359
595 13.2909
596 12.9
597 12.9416
598 13.0943
599 12.4371
600 12.8467
601 12.436
602 12.382
603 12.4366
604 13.1628
605 12.3574
606 13.142
607 12.4273
608 13.0952
609 13.1087
610 13.1544
611 13.1732
612 12.9445
613 12.2539
614 12.9512
615 13.0057
616 13.1892
617 12.937
618 13.2735
619 13.0307
620 12.9835
621 13.1353
622 12.9016
623 13.1812
624 13.0794
625 13.1688
626 12.2954
627 12.2852
628 13.0522
629 13.0642
630 12.6867
631 12.9527
632 12.2099
633 13.2354
634 12.3594
635 12.1917
636 12.2754
637 12.269
638 12.1921
639 12.2373
640 12.1703
641 12.2836
642 12.2221
643 12.4066
644 12.377
645 12.2698
646 12.4356
647 12.2519
648 12.1733
649 12.2124
650 12.4351
651 12.1972
652 12.4491
653 12.3894
654 12.1436
655 12.347
656 12.3688
657 12.4313
658 12.177
659 12.3675
660 12.2142
661 12.4282
662 12.4064
663 12.2204
664 12.1911
665 12.1814
666 12.1832
667 12.2583
668 12.1461
669 12.2506
670 12.3747
671 12.2046
672 12.2293
673 12.3043
674 12.2183
675 12.2726
676 12.2673
677 12.2457
678 12.3457
679 12.1471
680 12.2471
681 12.3933
682 12.2422
683 12.3524
684 12.2662
685 12.2549
686 12.2741
687 12.3808
688 12.4106
689 12.2241
690 12.2579
691 12.4374
692 12.3608
693 12.4481
694 12.1881
695 12.6069
696 12.1758
697 12.1607
698 12.1999
699 12.2601
700 12.3381
701 12.3746
702 12.1522
703 12.2941
704 12.2748
705 12.2947
706 12.2771
707 12.435
708 12.3881
709 12.3381
710 12.4541
711 12.2773
712 12.5404
713 12.1717
714 12.2471
715 12.4973
716 12.2056
717 12.221
718 12.4667
719 12.0686
720 12.3322
721 12.2863
722 12.3832
723 12.4521
724 12.5142
725 12.5225
726 12.3364
727 12.2426
728 12.3477
729 12.3452
730 12.4687
731 12.2139
732 12.044
733 12.4801
734 12.4589
735 12.2787
736 12.4388
737 12.2759
738 12.2844
739 12.2331
740 12.1584
741 12.1793
742 12.1675
743 12.1985
744 12.1675
745 12.3659
746 12.2746
747 12.1964
748 12.2777
749 12.2353
750 12.2589
751 12.1109
752 12.4532
753 12.2005
754 12.1554
755 12.4097
756 12.1595
757 12.0482
758 12.2426
759 12.0945
760 12.1429
761 12.1624
762 12.1212
763 12.1474
764 12.1824
765 12.1208
766 12.234
767 12.2742
768 12.2128
769 12.3336
770 12.2346
771 12.5448
772 12.1674
773 12.208
774 12.1817
775 12.2672
776 12.3771
777 12.0659
778 12.3095
779 12.2798
780 12.1815
781 12.5445
782 12.2047
783 12.4644
784 12.3592
785 12.1745
786 12.1952
787 12.354
788 12.1955
789 12.4325
790 12.2256
791 12.2427
792 12.2881
793 12.3327
794 12.2604
795 12.221
796 12.1819
797 12.2133
798 12.3986
799 12.3877
800 12.4649
801 12.1905
802 12.5967
803 12.2689
804 12.6613
805 12.5573
806 12.3532
807 12.2938
808 12.3943
809 12.327
810 12.1697
811 12.1544
812 12.2314
813 12.1273
814 12.1612
815 12.316
816 12.1832
817 12.3904
818 12.2634
819 12.6201
820 12.4316
821 12.5721
822 12.3026
823 12.5399
824 12.4119
825 12.5966
826 12.411
827 12.1707
828 12.1747
829 12.3357
830 12.4677
831 12.1382
832 12.5445
833 12.5695
834 12.2628
835 12.1251
836 12.1412
837 12.3345
838 12.5074
839 12.2505
840 12.4086
841 12.1531
842 12.2252
843 12.1505
844 12.1737
845 12.3042
846 12.4831
847 12.4352
848 12.2195
849 12.2127
850 12.4077
851 12.5306
852 12.4089
853 12.2313
854 12.3181
855 12.2766
856 12.2893
857 12.5696
858 12.4553
859 12.0867
860 12.1727
861 12.3775
862 12.4127
863 12.3855
864 12.3176
865 12.217
866 12.1548
867 12.2191
868 12.4317
869 12.3371
870 12.2108
871 12.2938
872 12.4159
873 12.1962
874 12.4155
875 12.3591
876 12.256
877 12.2159
878 12.3343
879 12.33
880 12.2574
881 12.2741
882 12.1888
883 12.2207
884 12.56
885 12.1014
886 12.4137
887 12.4302
888 12.2167
889 12.5218
890 12.2875
891 12.2531
892 12.2522
893 12.3822
894 12.4007
895 12.1587
896 12.2016
897 12.3038
898 12.3316
899 12.223
900 12.4355
901 12.3321
902 12.0835
903 12.3931
904 12.2419
905 12.2241
906 12.2766
907 12.3569
908 12.5341
909 12.2274
910 12.3722
911 12.5178
912 12.2298
913 12.195
914 12.319
915 12.3427
916 12.2292
917 12.1944
918 12.1523
919 12.3923
920 12.2763
921 12.4467
922 12.1556
923 12.4177
924 12.2426
925 12.3367
926 12.0826
927 12.2813
928 12.1767
929 12.2808
930 12.4385
931 12.1839
932 12.356
933 12.1956
934 12.2767
935 12.3871
936 12.2533
937 12.1254
938 12.3651
939 12.4949
940 12.3646
941 12.0999
942 12.4015
943 12.3445
944 12.3038
945 12.2747
946 12.1797
947 12.3534
948 12.1332
949 12.217
950 12.2923
951 12.4449
952 12.372
953 12.1476
954 12.3615
955 12.4206
956 12.1153
957 12.1225
958 12.2902
959 12.4041
960 12.2432
961 12.2327
962 12.442
963 12.1097
964 12.2403
965 12.0312
966 12.1144
967 12.1839
968 12.1492
969 12.1021
970 12.2893
971 12.2402
972 12.3517
973 12.2402
974 12.0537
975 12.3539
976 12.1621
977 12.3012
978 12.1442
979 12.1879
980 12.1886
981 12.3233
982 12.1879
983 12.1194
984 12.2701
985 12.356
986 12.158
987 12.1489
988 12.1018
989 12.2261
990 12.3464
991 12.1389
992 12.1317
993 12.1953
994 12.2454
995 12.1583
996 12.1855
997 12.3607
998 12.3284
999 12.1844
1000 12.1028
1001 12.4184
1002 12.3689
1003 12.2019
1004 12.1224
1005 12.305
1006 12.2524
1007 12.4252
1008 12.1336
1009 12.2922
1010 12.2476
1011 12.2276
1012 12.0712
1013 12.1425
1014 12.2602
1015 12.1816
1016 12.1739
1017 12.167
1018 12.3477
1019 12.4512
1020 12.3207
1021 12.2724
1022 12.436
1023 12.2893
1024 12.1485
1025 12.1351
1026 12.3623
1027 12.2844
1028 12.4695
1029 12.3978
1030 17.6756
1031 12.1443
1032 12.2783
1033 12.0966
1034 12.2933
1035 12.3551
1036 12.2136
1037 12.2436
1038 12.1856
1039 12.1007
1040 12.0898
1041 12.3201
1042 12.4147
1043 12.8945
1044 12.1241
1045 12.1078
1046 12.3601
1047 12.2137
1048 12.2548
1049 12.3202
1050 12.5303
1051 12.0935
1052 12.2928
1053 12.0747
1054 12.3161
1055 12.3512
1056 12.3694
1057 12.0793
1058 12.1281
1059 12.4092
1060 12.2592
1061 12.1996
1062 12.1935
1063 12.1407
1064 12.0808
1065 12.2969
1066 12.2113
1067 12.324
1068 12.2795
1069 12.4072
1070 12.4458
1071 12.3773
1072 12.083
1073 12.1703
1074 12.1192
1075 12.1768
1076 12.1703
1077 12.24
1078 12.429
1079 12.3984
1080 12.4492
1081 12.2727
1082 12.2271
1083 12.2054
1084 12.3558
1085 12.1484
1086 12.3563
1087 12.2184
1088 12.2821
1089 12.2109
1090 12.3583
1091 12.3715
1092 12.4251
1093 12.2638
1094 12.1827
1095 12.3354
1096 12.3927
1097 12.2827
1098 12.2193
1099 12.2432
1100 12.4164
1101 12.1558
1102 12.1831
1103 12.3036
1104 12.3728
1105 12.4179
1106 12.4108
1107 12.4117
1108 12.2293
1109 12.4697
1110 12.0869
1111 12.1052
1112 12.243
1113 12.4583
1114 12.0593
1115 12.298
1116 12.1489
1117 12.1845
1118 12.1576
1119 12.3217
1120 12.4124
1121 12.3597
1122 12.1205
1123 12.2095
1124 12.3467
1125 12.0632
1126 12.2701
1127 12.1468
1128 12.2704
1129 12.1916
1130 12.2995
1131 12.4091
1132 12.1148
1133 12.231
1134 12.1378
1135 12.1491
1136 12.255
1137 12.2019
1138 12.134
1139 12.3526
1140 12.1169
1141 12.1936
1142 12.2459
1143 12.0992
1144 12.117
1145 12.3771
1146 12.1864
1147 12.2354
1148 12.3267
1149 12.1969
1150 12.1077
1151 12.1949
1152 12.4665
1153 12.1452
1154 12.2587
1155 12.2573
1156 12.3985
1157 12.3087
1158 12.1365
1159 12.1579
1160 12.1566
1161 12.3005
1162 12.3468
1163 12.2885
1164 12.3364
1165 12.238
1166 12.2899
1167 12.1762
1168 12.1689
1169 12.509
1170 12.3424
1171 12.4072
1172 12.2568
1173 12.2452
1174 12.1864
1175 12.4024
1176 12.477
1177 12.3927
1178 12.297
1179 12.3571
1180 12.1761
1181 12.3946
1182 12.1827
1183 12.372
1184 12.1744
1185 12.1832
1186 12.1829
1187 12.3643
1188 12.0756
1189 12.2136
1190 12.4332
1191 12.1756
1192 12.2964
1193 12.2336
1194 12.1585
1195 12.2139
1196 12.2974
1197 12.2586
1198 12.1299
1199 12.2177
Avg time: 12.3126 ms
STDev: 0.124791 ms
